Chromosome	First_converted_SNP	Last_converted_SNP	All_converted_SNPs	Number_of_converted_SNPs	Complex_NCO_Flag	Complex_CO_Flag	gcBetween	allBetween
chr1	4091886	4091886	4091886	1	0	0	0	0
chr1	36343028	36343036	36343028:36343036	2	0	0	0	0
chr1	91216273	91216273	91216273	1	0	0	0	0
chr1	193702674	193702712	193702674:193702701:193702712	3	0	0	1	1
chr3	148656599	148656599	148656599	1	0	0	0	0
chr5	107093017	107093033	107093017:107093033	2	0	0	0	0
chr7	68039081	68039143	68039081:68039143	2	0	0	0	0
chr7	122575915	122575915	122575915	1	0	0	0	0
chr8	84179869	84179869	84179869	1	0	0	0	0
chr9	118861932	118861939	118861932:118861939	2	0	0	0	0
chr10	118160208	118160208	118160208	1	0	0	0	0
chr12	16284803	16284803	16284803	1	0	0	0	0
chr13	29183318	29183318	29183318	1	0	0	0	0
chr14	119292017	119292017	119292017	1	0	0	0	0
chr16	55084085	55084098	55084085:55084098	2	0	0	0	0
chr17	51890427	51890427	51890427	1	0	0	0	0
chr17	84276068	84276068	84276068	1	0	0	0	0
chr19	31050586	31050586	31050586	1	0	0	0	0
chr1	57392655	57392655	57392655	1	0	0	0	0
chr1	67033767	67033767	67033767	1	0	0	0	0
chr1	136356921	136356923	136356921:136356923	2	0	0	0	0
chr2	102761270	102761270	102761270	1	0	0	0	0
chr4	131425826	131425880	131425826:131425829:131425838:131425880	4	0	0	2	2
chr5	3355712	3355712	3355712	1	0	0	0	0
chr5	127517033	127517033	127517033	1	0	0	0	0
chr6	34759581	34759581	34759581	1	0	0	0	0
chr6	98307272	98307272	98307272	1	0	0	0	0
chr9	42122945	42122945	42122945	1	0	0	0	0
chr9	70939415	70939415	70939415	1	0	0	0	0
chr10	127293432	127293432	127293432	1	0	0	0	0
chr11	96172223	96172223	96172223	1	0	0	0	0
chr12	55415996	55415996	55415996	1	0	0	0	0
chr12	111789704	111789704	111789704	1	0	0	0	0
chr13	41285085	41285085	41285085	1	0	0	0	0
chr13	54178494	54178494	54178494	1	0	0	0	0
chr13	71266042	71266042	71266042	1	0	0	0	0
chr14	55652794	55652794	55652794	1	0	0	0	0
chr15	100814952	100814952	100814952	1	0	0	0	0
chr16	90151336	90151344	90151336:90151344	2	0	0	0	0
chr19	36902804	36902812	36902804:36902812	2	0	0	0	0
chr2	13337271	13337297	13337271:13337297	2	0	0	0	0
chr2	156766937	156766937	156766937	1	0	0	0	0
chr3	69234486	69234486	69234486	1	0	0	0	0
chr4	24789519	24789519	24789519	1	0	0	0	0
chr8	9311880	9311880	9311880	1	0	0	0	0
chr10	44051603	44051603	44051603	1	0	0	0	0
chr11	100532870	100532870	100532870	1	0	0	0	0
chr12	91102200	91102200	91102200	1	0	0	0	0
chr12	98741091	98741091	98741091	1	0	0	0	0
chr13	47752465	47752465	47752465	1	0	0	0	0
chr14	120369730	120369741	120369730:120369741	2	0	0	0	0
chr19	50463524	50463524	50463524	1	0	0	0	0
chr1	33895354	33895354	33895354	1	0	0	0	0
chr1	74057483	74057483	74057483	1	0	0	0	0
chr2	150995592	150995647	150995592:150995647	2	0	0	0	0
chr3	130313702	130313702	130313702	1	0	0	0	0
chr3	157091146	157091146	157091146	1	0	0	0	0
chr4	135019360	135019360	135019360	1	0	0	0	0
chr5	67498719	67498723	67498719:67498723	2	0	0	0	0
chr5	75790231	75790277	75790231:75790277	2	0	0	0	0
chr8	28489326	28489326	28489326	1	0	0	0	0
chr8	57726046	57726046	57726046	1	0	0	0	0
chr9	75124524	75124524	75124524	1	0	0	0	0
chr10	52869875	52869947	52869875:52869909:52869947	3	0	0	1	1
chr10	70898064	70898097	70898064:70898097	2	0	0	0	0
chr10	116942137	116942137	116942137	1	0	0	0	0
chr10	127087865	127087865	127087865	1	0	0	0	0
chr11	67324029	67324029	67324029	1	0	0	0	0
chr13	4177530	4177530	4177530	1	0	0	0	0
chr13	107900122	107900122	107900122	1	0	0	0	0
chr13	110018603	110018663	110018603:110018636:110018643:110018663	4	0	0	2	2
chr17	46955342	46955342	46955342	1	0	0	0	0
chr1	121707111	121707111	121707111	1	0	0	0	0
chr2	4800560	4800560	4800560	1	0	0	0	0
chr2	117945811	117945811	117945811	1	0	0	0	0
chr2	147963615	147963615	147963615	1	0	0	0	0
chr2	158580923	158580923	158580923	1	0	0	0	0
chr3	132865442	132865442	132865442	1	0	0	0	0
chr3	144366040	144366040	144366040	1	0	0	0	0
chr5	53014296	53014296	53014296	1	0	0	0	0
chr7	112959025	112959025	112959025	1	0	0	0	0
chr9	72550082	72550082	72550082	1	0	0	0	0
chr16	7674154	7674154	7674154	1	0	0	0	0
chr18	78712394	78712397	78712394:78712397	2	0	0	0	0
chr19	6011202	6011202	6011202	1	0	0	0	0
chr19	40073516	40073516	40073516	1	0	0	0	0
chr1	188757184	188757184	188757184	1	0	0	0	0
chr4	93617139	93617139	93617139	1	0	0	0	0
chr8	116991577	116991577	116991577	1	0	0	0	0
chr9	67077703	67077703	67077703	1	0	0	0	0
chr10	88226266	88226266	88226266	1	0	0	0	0
chr12	82466916	82466916	82466916	1	0	0	0	0
chr13	54909851	54909851	54909851	1	0	0	0	0
chr14	62392724	62392724	62392724	1	0	0	0	0
chr1	151727562	151727584	151727562:151727584	2	0	0	0	0
chr1	177820013	177820013	177820013	1	0	0	0	0
chr3	89602965	89602965	89602965	1	0	0	0	0
chr4	64441543	64441556	64441543:64441555:64441556	3	0	0	1	1
chr4	83212592	83212609	83212592:83212609	2	0	0	0	0
chr4	138309104	138309105	138309104:138309105	2	0	0	0	0
chr5	102000715	102000715	102000715	1	0	0	0	0
chr6	28905582	28905597	28905582:28905597	2	0	0	0	0
chr8	50952696	50952696	50952696	1	0	0	0	0
chr11	65765291	65765291	65765291	1	0	0	0	0
chr12	81277718	81277718	81277718	1	0	0	0	0
chr13	34031086	34031086	34031086	1	0	0	0	0
chr13	43715567	43715567	43715567	1	0	1	0	0
chr15	78966799	78966799	78966799	1	0	0	0	0
chr15	90946811	90946811	90946811	1	0	0	0	0
chr16	67145594	67145594	67145594	1	0	0	0	0
chr17	45671832	45671832	45671832	1	0	0	0	0
chr2	62352371	62352371	62352371	1	0	0	0	0
chr3	141243383	141243383	141243383	1	0	0	0	0
chr4	94156912	94156912	94156912	1	0	0	0	0
chr5	120365877	120365912	120365877:120365912	2	0	0	0	0
chr5	148213381	148213381	148213381	1	0	0	0	0
chr9	70821250	70821250	70821250	1	0	0	0	0
chr9	118820151	118820151	118820151	1	0	0	0	0
chr11	25094963	25094963	25094963	1	0	0	0	0
chr12	85462579	85462579	85462579	1	0	0	0	0
chr13	74734763	74734765	74734763:74734765	2	0	0	0	0
chr14	36869610	36869610	36869610	1	0	0	0	0
chr17	7172707	7172707	7172707	1	0	0	0	0
chr18	22682119	22682119	22682119	1	0	0	0	0
chr19	40761467	40761467	40761467	1	0	0	0	0
chr19	58229980	58229980	58229980	1	0	0	0	0
chr1	89999307	89999307	89999307	1	0	0	0	0
chr4	132944772	132944784	132944772:132944776:132944784	3	0	0	1	1
chr5	17618011	17618011	17618011	1	0	0	0	0
chr5	68811319	68811319	68811319	1	0	0	0	0
chr6	5042221	5042221	5042221	1	0	0	0	0
chr6	84432644	84432654	84432644:84432654	2	0	0	0	0
chr8	4062805	4062805	4062805	1	0	0	0	0
chr8	36029958	36029958	36029958	1	0	0	0	0
chr8	104184523	104184523	104184523	1	0	0	0	0
chr9	91021203	91021203	91021203	1	0	0	0	0
chr11	119730210	119730219	119730210:119730219	2	0	0	0	0
chr12	34517916	34517916	34517916	1	0	0	0	0
chr13	72901263	72901298	72901263:72901298	2	0	0	0	0
chr13	100082637	100082637	100082637	1	0	0	0	0
chr15	92290142	92290142	92290142	1	0	0	0	0
chr16	24765231	24765264	24765231:24765254:24765263:24765264	4	0	0	2	2
chr17	48042575	48042575	48042575	1	0	0	0	0
chr17	82925535	82925535	82925535	1	0	0	0	0
chr1	58276916	58276930	58276916:58276930	2	0	0	0	0
chr1	151459990	151459990	151459990	1	0	0	0	0
chr2	60857813	60857825	60857813:60857816:60857824:60857825	4	0	0	2	2
chr2	65164682	65164682	65164682	1	0	0	0	0
chr2	171554640	171554640	171554640	1	0	0	0	0
chr4	107967876	107967891	107967876:107967891	2	0	0	0	0
chr5	28074791	28074791	28074791	1	0	0	0	0
chr6	115034265	115034265	115034265	1	0	0	0	0
chr7	16955162	16955162	16955162	1	0	0	0	0
chr8	126781237	126781237	126781237	1	0	0	0	0
chr9	61691113	61691113	61691113	1	0	0	0	0
chr9	67993540	67993603	67993540:67993603	2	0	0	0	0
chr10	59184550	59184550	59184550	1	0	0	0	0
chr10	67756198	67756198	67756198	1	0	0	0	0
chr11	44170411	44170411	44170411	1	0	0	0	0
chr12	82319609	82319609	82319609	1	0	0	0	0
chr13	102775341	102775420	102775341:102775420	2	0	0	0	0
chr16	25665058	25665058	25665058	1	0	0	0	0
chr2	38410095	38410095	38410095	1	0	0	0	0
chr2	114593533	114593533	114593533	1	0	0	0	0
chr2	158721669	158721669	158721669	1	0	0	0	0
chr2	160072719	160072719	160072719	1	0	0	0	0
chr2	178655970	178656002	178655970:178656002	2	0	0	0	0
chr3	153831695	153831695	153831695	1	0	0	0	0
chr4	8781981	8781985	8781981:8781985	2	0	0	0	0
chr5	53092147	53092147	53092147	1	0	0	0	0
chr6	113245992	113245992	113245992	1	0	0	0	0
chr6	144329735	144329735	144329735	1	0	0	0	0
chr8	80513991	80513991	80513991	1	0	0	0	0
chr8	87289585	87289591	87289585:87289591	2	0	0	0	0
chr9	60992584	60992590	60992584:60992590	2	0	0	0	0
chr10	122899014	122899014	122899014	1	0	0	0	0
chr13	38028801	38028801	38028801	1	0	0	0	0
chr14	29811345	29811345	29811345	1	0	0	0	0
chr15	75413773	75413804	75413773:75413804	2	0	0	0	0
chr16	92609275	92609291	92609275:92609282:92609291	3	0	0	1	1
chr18	63259931	63259932	63259931:63259932	2	0	0	0	0
chr19	4112567	4112567	4112567	1	0	0	0	0
chr19	11128729	11128760	11128729:11128760	2	0	0	0	0
chr1	131132783	131132789	131132783:131132789	2	0	0	0	0
chr2	127349613	127349631	127349613:127349614:127349631	3	0	0	1	1
chr6	136648364	136648364	136648364	1	0	0	0	0
chr8	3274866	3274866	3274866	1	0	0	0	0
chr8	40899355	40899355	40899355	1	0	0	0	0
chr11	50443151	50443151	50443151	1	0	0	0	0
chr13	93673740	93673740	93673740	1	0	0	0	0
chr15	12580971	12580971	12580971	1	0	0	0	0
chr15	87055308	87055308	87055308	1	0	0	0	0
chr17	46658304	46658304	46658304	1	0	0	0	0
chr18	84251067	84251067	84251067	1	0	0	0	0
chr2	38982974	38982974	38982974	1	0	0	0	0
chr3	100735600	100735600	100735600	1	0	0	0	0
chr3	143685276	143685276	143685276	1	0	0	0	0
chr4	25436280	25436285	25436280:25436285	2	0	0	0	0
chr9	28039628	28039628	28039628	1	0	0	0	0
chr9	50360863	50360863	50360863	1	0	0	0	0
chr10	39362580	39362580	39362580	1	0	0	0	0
chr10	89607136	89607181	89607136:89607152:89607181	3	0	0	1	1
chr11	100649979	100649979	100649979	1	0	0	0	0
chr15	73499187	73499199	73499187:73499199	2	0	0	0	0
chr7	139285874	139285874	139285874	1	0	0	0	0
chr8	6186837	6186837	6186837	1	0	0	0	0
chr10	120059771	120059776	120059771:120059776	2	0	0	0	0
chr13	71988046	71988046	71988046	1	0	0	0	0
chr15	12844446	12844446	12844446	1	0	0	0	0
chr17	28242553	28242553	28242553	1	0	0	0	0
chr17	49876766	49876766	49876766	1	0	0	0	0
chr1	173326735	173326735	173326735	1	0	0	0	0
chr2	9835100	9835100	9835100	1	0	0	0	0
chr5	115449098	115449098	115449098	1	0	0	0	0
chr9	29397135	29397163	29397135:29397163	2	0	0	0	0
chr9	42519126	42519126	42519126	1	0	0	0	0
chr15	37268772	37268772	37268772	1	0	0	0	0
chr15	95081863	95081863	95081863	1	0	0	0	0
chr16	58452154	58452154	58452154	1	0	0	0	0
chr18	81249136	81249136	81249136	1	0	0	0	0
chr18	84209596	84209636	84209596:84209636	2	0	0	0	0
chr4	44674263	44674263	44674263	1	0	0	0	0
chr7	19104782	19104782	19104782	1	0	0	0	0
chr7	19299893	19299893	19299893	1	0	0	0	0
chr8	81963780	81963780	81963780	1	0	0	0	0
chr11	74690751	74690751	74690751	1	0	0	0	0
chr14	39178906	39178906	39178906	1	0	0	0	0
chr14	46451713	46451713	46451713	1	0	0	0	0
chr15	25776012	25776013	25776012:25776013	2	0	0	0	0
chr16	26803593	26803593	26803593	1	0	0	0	0
chr18	9817093	9817093	9817093	1	0	0	0	0
chr3	138361089	138361089	138361089	1	0	0	0	0
chr14	34747586	34747586	34747586	1	0	0	0	0
chr16	14213321	14213325	14213321:14213325	2	0	0	0	0
chr1	13263203	13263203	13263203	1	0	0	0	0
chr6	7991684	7991684	7991684	1	0	0	0	0
chr11	46378871	46378871	46378871	1	0	0	0	0
chr15	96317643	96317715	96317643:96317715	2	0	0	0	0
chr16	49061649	49061689	49061649:49061654:49061689	3	0	0	1	1
chr5	90623590	90623590	90623590	1	0	0	0	0
chr5	111835293	111835293	111835293	1	0	0	0	0
chr9	10277741	10277741	10277741	1	0	0	0	0
chr12	26388504	26388504	26388504	1	0	0	0	0
chr15	58394568	58394586	58394568:58394586	2	0	0	0	0
chr17	67786884	67786884	67786884	1	0	0	0	0
chr12	112086748	112086748	112086748	1	0	0	0	0
chr13	112067368	112067371	112067368:112067371	2	0	0	0	0
chr2	118654501	118654501	118654501	1	0	0	0	0
chr9	117836897	117836897	117836897	1	0	0	0	0
chr18	11723633	11723633	11723633	1	0	0	0	0
chr2	14663693	14663693	14663693	1	0	0	0	0
chr2	28809318	28809343	28809318:28809343	2	0	0	0	0
chr4	101137482	101137482	101137482	1	0	0	0	0
chr9	62011009	62011033	62011009:62011033	2	0	0	0	0
chr9	96645295	96645608	96645295:96645478:96645608	3	0	0	1	1
chr9	109109835	109109887	109109835:109109887	2	0	0	0	0
chr10	36998511	36998511	36998511	1	0	0	0	0
chr12	80990313	80990313	80990313	1	0	0	0	0
chr13	56082858	56082930	56082858:56082930	2	0	0	0	0
chr18	5013179	5013199	5013179:5013199	2	0	0	0	0
chr4	11018946	11018946	11018946	1	0	0	0	0
chr4	109858040	109858040	109858040	1	0	0	0	0
chr5	122090810	122090810	122090810	1	0	0	0	0
chr7	67664964	67664964	67664964	1	0	0	0	0
chr11	102907294	102907294	102907294	1	0	0	0	0
chr14	116497478	116497478	116497478	1	0	0	0	0
chr16	18642623	18642623	18642623	1	0	0	0	0
chr12	31685330	31685330	31685330	1	0	0	0	0
chr13	43787023	43787023	43787023	1	0	0	0	0
chr13	56181887	56181932	56181887:56181932	2	0	0	0	0
chr15	72728483	72728523	72728483:72728509:72728523	3	0	0	1	1
chr16	87227319	87227319	87227319	1	0	0	0	0
chr17	46721179	46721179	46721179	1	0	0	0	0
chr1	165680111	165680111	165680111	1	0	0	0	0
chr7	136041815	136041815	136041815	1	0	0	0	0
chr8	80248752	80248752	80248752	1	0	0	0	0
chr8	125894484	125894628	125894484:125894525:125894599:125894600:125894605:125894628	6	0	0	4	4
chr11	22646070	22646070	22646070	1	0	0	0	0
chr17	48817762	48817762	48817762	1	0	0	0	0
chr4	130877352	130877376	130877352:130877376	2	0	0	0	0
chr8	48744281	48744281	48744281	1	0	0	0	0
chr9	28443899	28443899	28443899	1	0	0	0	0
chr10	116379058	116379058	116379058	1	0	0	0	0
chr11	52107325	52107339	52107325:52107339	2	0	0	0	0
chr13	53123161	53123161	53123161	1	0	0	0	0
chr2	60114746	60114746	60114746	1	0	0	0	0
chr7	47142235	47142235	47142235	1	0	0	0	0
chr9	21968074	21968074	21968074	1	0	0	0	0
chr10	106470574	106470574	106470574	1	0	0	0	0
chr11	27220604	27220604	27220604	1	0	0	0	0
chr11	79738648	79738648	79738648	1	0	0	0	0
chr16	4567113	4567113	4567113	1	0	0	0	0
chr16	19968070	19968070	19968070	1	0	0	0	0
chr6	17589142	17589142	17589142	1	0	0	0	0
chr6	119509348	119509348	119509348	1	0	0	0	0
chr7	38225031	38225031	38225031	1	0	0	0	0
chr8	89055168	89055168	89055168	1	0	0	0	0
chr16	7700518	7700518	7700518	1	0	0	0	0
chr17	88031366	88031366	88031366	1	0	0	0	0
chr4	155034555	155034555	155034555	1	0	0	0	0
chr9	40338170	40338170	40338170	1	0	0	0	0
chr9	58213392	58213392	58213392	1	0	0	0	0
chr13	114086314	114086314	114086314	1	0	0	0	0
chr11	4234582	4234582	4234582	1	0	0	0	0
chr13	101756117	101756117	101756117	1	0	0	0	0
chr13	114608619	114608619	114608619	1	0	0	0	0
chr14	63228605	63228605	63228605	1	0	0	0	0
chr14	120265932	120265932	120265932	1	0	0	0	0
chr2	65111906	65111906	65111906	1	0	0	0	0
chr6	114082680	114082680	114082680	1	0	0	0	0
chr7	132839232	132839232	132839232	1	0	0	0	0
chr2	18718457	18718457	18718457	1	0	0	0	0
chr12	52132441	52132457	52132441:52132457	2	0	0	0	0
chr12	55072365	55072365	55072365	1	0	0	0	0
chr12	81938316	81938316	81938316	1	0	0	0	0
chr18	67303785	67303785	67303785	1	0	0	0	0
chr19	27341285	27341794	27341285:27341358:27341485:27341539:27341540:27341575:27341794	7	0	0	5	5
chr2	26474079	26474079	26474079	1	0	0	0	0
chr2	61360365	61360393	61360365:61360393	2	0	0	0	0
chr7	73298988	73298988	73298988	1	0	0	0	0
chr10	70193977	70193977	70193977	1	0	0	0	0
chr12	76013758	76013758	76013758	1	0	0	0	0
chr13	42119341	42119341	42119341	1	0	0	0	0
chr13	104686892	104686892	104686892	1	0	0	0	0
chr15	78937294	78937294	78937294	1	0	0	0	0
chr19	35970294	35970294	35970294	1	0	0	0	0
chr3	27521786	27521786	27521786	1	0	0	0	0
chr7	74309289	74309289	74309289	1	0	0	0	0
chr8	106473326	106473326	106473326	1	0	0	0	0
chr10	61430589	61430589	61430589	1	0	0	0	0
chr12	4829867	4829867	4829867	1	0	0	0	0
chr2	156766937	156766937	156766937	1	0	0	0	0
chr4	24793427	24793431	24793427:24793431	2	0	0	0	0
chr10	77268497	77268513	77268497:77268513	2	0	0	0	0
chr10	96625510	96625510	96625510	1	0	0	0	0
chr11	95563571	95563571	95563571	1	0	0	0	0
chr13	57613239	57613239	57613239	1	0	0	0	0
chr14	118530113	118530113	118530113	1	0	0	0	0
chr16	5102342	5102342	5102342	1	0	0	0	0
chr4	127961971	127961971	127961971	1	0	0	0	0
chr10	41285252	41285252	41285252	1	0	0	0	0
chr10	97314682	97315032	97314682:97314918:97315014:97315032	4	0	0	2	2
chr11	119730724	119730749	119730724:119730739:119730749	3	0	0	1	1
chr18	5400911	5400911	5400911	1	0	0	0	0
chr19	7326812	7326812	7326812	1	0	0	0	0
chr1	80557193	80557242	80557193:80557233:80557242	3	0	0	1	1
chr1	180578318	180578318	180578318	1	0	0	0	0
chr2	38993230	38993230	38993230	1	0	0	0	0
chr5	3118807	3118807	3118807	1	0	0	0	0
chr9	59302480	59302485	59302480:59302485	2	0	0	0	0
chr9	70829735	70829735	70829735	1	0	0	0	0
chr11	97717291	97717291	97717291	1	0	0	0	0
chr12	109743618	109743629	109743618:109743629	2	0	0	0	0
chr12	110712584	110712592	110712584:110712592	2	0	0	0	0
chr13	115138834	115138834	115138834	1	0	0	0	0
chr13	119736197	119736197	119736197	1	0	0	0	0
chr1	52973073	52973073	52973073	1	0	1	0	0
chr4	140210572	140210572	140210572	1	0	0	0	0
chr11	4481477	4481477	4481477	1	0	0	0	0
chr11	107828978	107828978	107828978	1	0	1	0	0
chr11	121432341	121432341	121432341	1	0	0	0	0
chr18	68267832	68267832	68267832	1	0	0	0	0
chr4	128685740	128685740	128685740	1	0	0	0	0
chr6	28939157	28939157	28939157	1	0	0	0	0
chr10	33920465	33920465	33920465	1	0	0	0	0
chr11	49180366	49180366	49180366	1	0	0	0	0
chr14	30584172	30584172	30584172	1	0	0	0	0
chr14	66667421	66667427	66667421:66667427	2	0	0	0	0
chr14	101696553	101696553	101696553	1	0	0	0	0
chr15	65848998	65848998	65848998	1	0	0	0	0
chr1	106002335	106002335	106002335	1	0	0	0	0
chr2	70154250	70154250	70154250	1	0	0	0	0
chr3	80784850	80784850	80784850	1	0	0	0	0
chr3	89278533	89278533	89278533	1	0	0	0	0
chr5	24443216	24443216	24443216	1	0	0	0	0
chr5	37049762	37049762	37049762	1	0	0	0	0
chr6	72142732	72142732	72142732	1	0	0	0	0
chr8	10303412	10303412	10303412	1	0	0	0	0
chr8	13468634	13468634	13468634	1	0	0	0	0
chr11	20003873	20003873	20003873	1	0	0	0	0
chr14	67807810	67807857	67807810:67807830:67807857	3	0	0	1	1
chr15	7165964	7165964	7165964	1	0	0	0	0
chr15	34638521	34638521	34638521	1	0	0	0	0
chr16	11802062	11802133	11802062:11802133	2	0	0	0	0
chr2	13348976	13348976	13348976	1	0	0	0	0
chr2	50329996	50329996	50329996	1	0	0	0	0
chr2	72041258	72041258	72041258	1	0	0	0	0
chr5	135445437	135445437	135445437	1	0	0	0	0
chr8	7918815	7918823	7918815:7918823	2	0	0	0	0
chr19	36731496	36731579	36731496:36731579	2	0	0	0	0
chr1	34131445	34131446	34131445:34131446	2	0	0	0	0
chr2	119019222	119019222	119019222	1	0	0	0	0
chr4	102862185	102862187	102862185:102862187	2	0	0	0	0
chr5	36090292	36090292	36090292	1	0	0	0	0
chr5	143060657	143060657	143060657	1	0	0	0	0
chr9	121818327	121818327	121818327	1	0	0	0	0
chr10	31384109	31384109	31384109	1	0	0	0	0
chr10	78204808	78204808	78204808	1	0	0	0	0
chr10	86705672	86705672	86705672	1	0	0	0	0
chr11	30103522	30103522	30103522	1	0	0	0	0
chr14	23370494	23370494	23370494	1	0	0	0	0
chr16	21283284	21283325	21283284:21283325	2	0	0	0	0
chr18	48108829	48108829	48108829	1	0	0	0	0
chr2	125301952	125301952	125301952	1	0	0	0	0
chr3	150452549	150452624	150452549:150452616:150452624	3	0	0	1	1
chr4	57708042	57708042	57708042	1	0	0	0	0
chr4	103205181	103205181	103205181	1	0	0	0	0
chr5	106462724	106462803	106462724:106462736:106462801:106462803	4	0	0	2	2
chr5	115449390	115449390	115449390	1	0	0	0	0
chr5	135791073	135791073	135791073	1	0	0	0	0
chr7	140902438	140902438	140902438	1	0	0	0	0
chr9	123165744	123165744	123165744	1	0	0	0	0
chr10	69720489	69720489	69720489	1	0	0	0	0
chr11	120469520	120469520	120469520	1	0	0	0	0
chr14	17174219	17174343	17174219:17174343	2	0	0	0	0
chr14	85764729	85764729	85764729	1	0	0	0	0
chr17	93860354	93860354	93860354	1	0	0	0	0
chr19	43053795	43053795	43053795	1	0	0	0	0
chr1	136314124	136314124	136314124	1	0	0	0	0
chr8	123136548	123136599	123136548:123136551:123136577:123136599	4	0	0	2	2
chr9	50360863	50360863	50360863	1	0	0	0	0
chr9	58658280	58658280	58658280	1	0	0	0	0
chr13	44435485	44435485	44435485	1	0	0	0	0
chr19	6436324	6436330	6436324:6436325:6436330	3	0	0	1	1
chr1	13182755	13182763	13182755:13182759:13182763	3	0	0	1	1
chr2	172426477	172426479	172426477:172426479	2	0	0	0	0
chr3	146679343	146679343	146679343	1	0	0	0	0
chr5	147195875	147195875	147195875	1	0	0	0	0
chr8	45031231	45031231	45031231	1	0	0	0	0
chr9	114909457	114909510	114909457:114909500:114909507:114909510	4	0	0	2	2
chr12	70137402	70137402	70137402	1	0	0	0	0
chr13	4966021	4966021	4966021	1	0	0	0	0
chr13	24456594	24456594	24456594	1	0	0	0	0
chr13	97934974	97934974	97934974	1	0	0	0	0
chr18	34810671	34810671	34810671	1	0	0	0	0
chr1	165661800	165661800	165661800	1	0	0	0	0
chr3	128122734	128122734	128122734	1	0	0	0	0
chr4	57060437	57060437	57060437	1	0	0	0	0
chr6	139977313	139977378	139977313:139977353:139977378	3	0	0	1	1
chr6	143693883	143693883	143693883	1	0	0	0	0
chr7	4629383	4629383	4629383	1	0	0	0	0
chr8	52154561	52154561	52154561	1	0	0	0	0
chr9	60920259	60920277	60920259:60920277	2	0	0	0	0
chr9	103736352	103736352	103736352	1	0	0	0	0
chr19	57000917	57001367	57000917:57000924:57001082:57001260:57001367	5	0	0	3	3
chr3	138152863	138152863	138152863	1	0	0	0	0
chr5	134809805	134809805	134809805	1	0	0	0	0
chr6	6887349	6887369	6887349:6887369	2	0	0	0	0
chr6	33399489	33399489	33399489	1	0	0	0	0
chr9	70863695	70863695	70863695	1	0	0	0	0
chr10	93885926	93885973	93885926:93885973	2	0	0	0	0
chr11	102943595	102943595	102943595	1	0	0	0	0
chr12	110564921	110564921	110564921	1	0	0	0	0
chr13	81946965	81946978	81946965:81946978	2	0	0	0	0
chr9	25480358	25480358	25480358	1	0	0	0	0
chr12	77095910	77095910	77095910	1	0	0	0	0
chr14	73372285	73372343	73372285:73372343	2	0	0	0	0
chr4	117893709	117893738	117893709:117893738	2	0	0	0	0
chr6	31091401	31091401	31091401	1	0	0	0	0
chr7	84092145	84092216	84092145:84092147:84092216	3	0	0	1	1
chr10	84017403	84017403	84017403	1	0	0	0	0
chr11	66403276	66403276	66403276	1	0	0	0	0
chr12	26388454	26388454	26388454	1	0	0	0	0
chr7	16125314	16125314	16125314	1	0	0	0	0
chr7	130378406	130378413	130378406:130378413	2	0	0	0	0
chr8	124884419	124884419	124884419	1	0	0	0	0
chr11	81944779	81944780	81944779:81944780	2	0	0	0	0
chr14	117490105	117490105	117490105	1	0	0	0	0
chr18	71684194	71684235	71684194:71684208:71684235	3	0	0	1	1
chr19	41805129	41805129	41805129	1	0	0	0	0
chr19	43771495	43771495	43771495	1	0	0	0	0
chr1	92080534	92080534	92080534	1	0	0	0	0
chr4	63733864	63733864	63733864	1	0	1	0	0
chr4	84062036	84062036	84062036	1	0	0	0	0
chr5	115612329	115612329	115612329	1	0	0	0	0
chr8	48144155	48144155	48144155	1	0	0	0	0
chr11	80163852	80163852	80163852	1	0	0	0	0
chr16	92484405	92484405	92484405	1	0	0	0	0
chr19	40571885	40571907	40571885:40571905:40571907	3	0	0	1	1
chr8	70385942	70385942	70385942	1	0	0	0	0
chr19	25435167	25435171	25435167:25435171	2	0	0	0	0
chr4	47732495	47732500	47732495:47732500	2	0	0	0	0
chr4	155973736	155973736	155973736	1	0	0	0	0
chr5	75539625	75539625	75539625	1	0	0	0	0
chr5	90275615	90275615	90275615	1	0	0	0	0
chr11	31357955	31357955	31357955	1	0	0	0	0
chr14	116517888	116517888	116517888	1	0	0	0	0
chr1	38409702	38409729	38409702:38409729	2	0	0	0	0
chr3	128199046	128199059	128199046:128199059	2	0	0	0	0
chr5	91957174	91957178	91957174:91957178	2	0	0	0	0
chr8	3397358	3397386	3397358:3397386	2	0	0	0	0
chr11	52498436	52498436	52498436	1	0	0	0	0
chr14	100754898	100754898	100754898	1	0	0	0	0
chr1	89918327	89918327	89918327	1	0	0	0	0
chr2	146918242	146918272	146918242:146918272	2	0	0	0	0
chr3	131336678	131336678	131336678	1	0	0	0	0
chr7	19860265	19860265	19860265	1	0	0	0	0
chr7	141991119	141991456	141991119:141991382:141991456	3	0	0	1	1
chr12	16562497	16562497	16562497	1	0	0	0	0
chr14	59248590	59248590	59248590	1	0	0	0	0
chr14	61574285	61574285	61574285	1	0	0	0	0
chr15	25776012	25776013	25776012:25776013	2	0	0	0	0
chr17	74990560	74990560	74990560	1	0	0	0	0
chr18	12674946	12674946	12674946	1	0	0	0	0
chr19	32551466	32551466	32551466	1	0	0	0	0
chr19	53997142	53997142	53997142	1	0	0	0	0
chr8	94786355	94786355	94786355	1	0	0	0	0
chr12	73417383	73417389	73417383:73417389	2	0	0	0	0
chr14	49428217	49428217	49428217	1	0	0	0	0
chr16	58371098	58371098	58371098	1	0	0	0	0
chr16	92097782	92097782	92097782	1	0	0	0	0
chr11	54788627	54788627	54788627	1	0	0	0	0
chr13	113622056	113622056	113622056	1	0	0	0	0
chr19	10271475	10271475	10271475	1	0	0	0	0
chr1	10177409	10177417	10177409:10177417	2	0	0	0	0
chr4	53846424	53846424	53846424	1	0	0	0	0
chr5	124835867	124835867	124835867	1	0	0	0	0
chr9	83256676	83256676	83256676	1	0	0	0	0
chr10	127722793	127722793	127722793	1	0	0	0	0
chr13	109358526	109358591	109358526:109358591	2	0	0	0	0
chr14	91067584	91067584	91067584	1	0	0	0	0
chr14	100008438	100008438	100008438	1	0	0	0	0
chr14	120044038	120044048	120044038:120044048	2	0	0	0	0
chr1	138539798	138539798	138539798	1	0	0	0	0
chr5	33467999	33467999	33467999	1	0	0	0	0
chr5	58824551	58824551	58824551	1	0	0	0	0
chr8	128258489	128258489	128258489	1	0	0	0	0
chr11	59518842	59518842	59518842	1	0	0	0	0
chr11	76460138	76460138	76460138	1	0	0	0	0
chr14	48240598	48240598	48240598	1	0	0	0	0
chr14	76792095	76792124	76792095:76792124	2	0	0	0	0
chr14	120418242	120418242	120418242	1	0	0	0	0
chr15	10904822	10904842	10904822:10904836:10904842	3	0	0	1	1
chr16	4413478	4413478	4413478	1	0	0	0	0
chr16	70251145	70251145	70251145	1	0	0	0	0
chr16	91976126	91977089	91976126:91977021:91977057:91977070:91977089	5	0	0	3	8
chr1	106002505	106002505	106002505	1	0	0	0	0
chr1	106057199	106057199	106057199	1	0	0	0	0
chr2	91260345	91260345	91260345	1	0	0	0	0
chr3	17289953	17289983	17289953:17289977:17289983	3	0	0	1	1
chr4	117858424	117858424	117858424	1	0	0	0	0
chr4	131352699	131352699	131352699	1	0	0	0	0
chr6	17448230	17448230	17448230	1	0	0	0	0
chr7	125853887	125853887	125853887	1	0	0	0	0
chr8	43020717	43020717	43020717	1	0	0	0	0
chr13	119736197	119736197	119736197	1	0	0	0	0
chr14	120043934	120043966	120043934:120043966	2	0	0	0	0
chr17	84645101	84645101	84645101	1	0	0	0	0
chr3	10902004	10902004	10902004	1	0	0	0	0
chr7	64785455	64785455	64785455	1	0	0	0	0
chr7	141991119	141991119	141991119	1	0	0	0	0
chr9	65950504	65950505	65950504:65950505	2	0	0	0	0
chr12	77569630	77569658	77569630:77569658	2	0	0	0	0
chr15	58164147	58164147	58164147	1	0	0	0	0
chr16	5102342	5102342	5102342	1	0	0	0	0
chr16	11531423	11531423	11531423	1	0	0	0	0
chr4	148707546	148707546	148707546	1	0	0	0	0
chr6	17589085	17589085	17589085	1	0	0	0	0
chr6	114082700	114082700	114082700	1	0	0	0	0
chr6	118865897	118865897	118865897	1	0	0	0	0
chr7	16955162	16955162	16955162	1	0	0	0	0
chr11	75902140	75902140	75902140	1	0	0	0	0
chr11	77509579	77509579	77509579	1	0	0	0	0
chr12	99750306	99750307	99750306:99750307	2	0	0	0	0
chr13	24559721	24559721	24559721	1	0	0	0	0
chr15	68428907	68428907	68428907	1	0	0	0	0
chr16	85049555	85049555	85049555	1	0	0	0	0
chr6	125191771	125191814	125191771:125191814	2	0	0	0	0
chr12	56291712	56291725	56291712:56291725	2	0	0	0	0
chr18	64260818	64260818	64260818	1	0	0	0	0
chr1	126008795	126008795	126008795	1	0	0	0	0
chr3	55309237	55309237	55309237	1	0	0	0	0
chr4	32247943	32247943	32247943	1	0	0	0	0
chr5	9069206	9069290	9069206:9069260:9069290	3	0	0	1	1
chr11	79047559	79047590	79047559:79047590	2	0	0	0	0
chr14	32456325	32456325	32456325	1	0	0	0	0
chr15	73675470	73675470	73675470	1	0	0	0	0
chr4	155193440	155193440	155193440	1	0	0	0	0
chr6	141069981	141069986	141069981:141069986	2	0	0	0	0
chr7	58834389	58834389	58834389	1	0	0	0	0
chr19	11927627	11927627	11927627	1	0	0	0	0
chr4	122991462	122991462	122991462	1	0	0	0	0
chr8	120539733	120539733	120539733	1	0	0	0	0
chr13	78399520	78399520	78399520	1	0	0	0	0
chr14	27542366	27542366	27542366	1	0	0	0	0
chr15	25775945	25775984	25775945:25775984	2	0	0	0	0
chr19	18935497	18935526	18935497:18935526	2	0	0	0	0
chr1	52035900	52035900	52035900	1	0	0	0	0
chr2	91501272	91501272	91501272	1	0	0	0	0
chr4	55523463	55523463	55523463	1	0	0	0	0
chr5	143752587	143753837	143752587:143752835:143752886:143753085:143753293:143753414:143753676:143753717:143753837	9	0	0	7	7
chr10	8857001	8857001	8857001	1	0	0	0	0
chr12	99560723	99560723	99560723	1	0	0	0	0
chr12	107624490	107624490	107624490	1	0	1	0	0
chr13	63333693	63333706	63333693:63333706	2	0	0	0	0
chr1	12697313	12697319	12697313:12697319	2	0	0	0	0
chr1	57230206	57230206	57230206	1	0	0	0	0
chr2	118710448	118710448	118710448	1	0	0	0	0
chr4	119816097	119816097	119816097	1	0	0	0	0
chr7	130378413	130378413	130378413	1	0	0	0	0
chr8	87674467	87674467	87674467	1	0	0	0	0
chr8	125894484	125894484	125894484	1	0	0	0	0
chr17	72203182	72203182	72203182	1	0	0	0	0
chr2	5191067	5191067	5191067	1	0	0	0	0
chr2	133452114	133452114	133452114	1	0	0	0	0
chr5	37301157	37301157	37301157	1	0	0	0	0
chr6	18599542	18599542	18599542	1	0	0	0	0
chr7	79561664	79561664	79561664	1	0	0	0	0
chr10	86069423	86069445	86069423:86069445	2	0	0	0	0
chr19	3631544	3631544	3631544	1	0	0	0	0
chr3	78928923	78928923	78928923	1	0	0	0	0
chr17	85207364	85207364	85207364	1	0	0	0	0
chr1	180578237	180578288	180578237:180578253:180578288	3	0	0	1	1
chr5	75949803	75949803	75949803	1	0	0	0	0
chr8	18419324	18419324	18419324	1	0	0	0	0
chr13	107412706	107412706	107412706	1	0	0	0	0
chr14	60683295	60683315	60683295:60683315	2	0	0	0	0
chr15	7440454	7440454	7440454	1	0	0	0	0
chr15	79486499	79486499	79486499	1	0	0	0	0
chr4	11061884	11061896	11061884:11061885:11061896	3	0	0	1	1
chr5	99693261	99693261	99693261	1	0	0	0	0
chr7	7106955	7106955	7106955	1	0	0	0	0
chr7	70788912	70788912	70788912	1	0	0	0	0
chr8	23445761	23445761	23445761	1	0	0	0	0
chr9	121401630	121401630	121401630	1	0	0	0	0
chr10	84714788	84714788	84714788	1	0	0	0	0
chr14	23576899	23576899	23576899	1	0	0	0	0
chr14	70199414	70199418	70199414:70199418	2	0	0	0	0
chr16	5102399	5102399	5102399	1	0	0	0	0
chr16	94961367	94961368	94961367:94961368	2	0	0	0	0
chr1	106002335	106002335	106002335	1	0	0	0	0
chr3	89278533	89278533	89278533	1	0	0	0	0
chr11	36281242	36281270	36281242:36281270	2	0	0	0	0
chr12	119053200	119053200	119053200	1	0	0	0	0
chr15	7166447	7166447	7166447	1	0	0	0	0
chr18	54201211	54201211	54201211	1	0	0	0	0
chr6	128107717	128107717	128107717	1	0	0	0	0
chr6	137163006	137163006	137163006	1	0	0	0	0
chr7	16748152	16748176	16748152:16748176	2	0	0	0	0
chr7	35162779	35162780	35162779:35162780	2	0	0	0	0
chr9	60253410	60253472	60253410:60253417:60253459:60253472	4	0	0	2	2
chr11	81361790	81361825	81361790:81361824:81361825	3	0	0	1	1
chr12	77434386	77434386	77434386	1	0	0	0	0
chr13	45500397	45500397	45500397	1	0	0	0	0
chr13	47272824	47272824	47272824	1	0	0	0	0
chr15	7225431	7225431	7225431	1	0	0	0	0
chr7	125853887	125853887	125853887	1	0	0	0	0
chr9	37115419	37115419	37115419	1	0	0	0	0
chr9	112608291	112608298	112608291:112608292:112608298	3	0	0	1	1
chr10	18387285	18387285	18387285	1	0	0	0	0
chr17	86514261	86514261	86514261	1	0	0	0	0
chr3	146423220	146423356	146423220:146423311:146423316:146423356	4	0	0	2	2
chr6	136648356	136648364	136648356:136648364	2	0	0	0	0
chr14	8624909	8624909	8624909	1	0	0	0	0
chr9	43222098	43222098	43222098	1	0	0	0	0
chr9	121789611	121789611	121789611	1	0	0	0	0
chr11	8231496	8231496	8231496	1	0	0	0	0
chr12	100296233	100296233	100296233	1	0	1	0	0
chr16	94288078	94288078	94288078	1	0	0	0	0
chr17	63357330	63357330	63357330	1	0	0	0	0
chr19	57046502	57046502	57046502	1	0	0	0	0
chr4	155995886	155995886	155995886	1	0	0	0	0
chr11	87795283	87795283	87795283	1	0	0	0	0
chr17	46720905	46720905	46720905	1	0	0	0	0
chr3	32539452	32539452	32539452	1	0	0	0	0
chr4	107103252	107103252	107103252	1	0	1	0	0
chr4	140517568	140517568	140517568	1	0	0	0	0
chr5	9167571	9167571	9167571	1	0	0	0	0
chr9	51467321	51467434	51467321:51467434	2	0	0	0	0
chr11	96029592	96029600	96029592:96029600	2	0	0	0	0
chr13	102591716	102591716	102591716	1	0	0	0	0
chr16	20391951	20391951	20391951	1	0	0	0	0
chr5	24968334	24968375	24968334:24968355:24968375	3	0	0	1	1
chr5	37049762	37049771	37049762:37049770:37049771	3	0	0	1	1
chr5	65832899	65832899	65832899	1	0	0	0	0
chr8	124884199	124884199	124884199	1	0	0	0	0
chr9	73737665	73737665	73737665	1	0	0	0	0
chr12	56291481	56291481	56291481	1	0	0	0	0
chr12	70380798	70380901	70380798:70380901	2	1	0	0	1
chr15	59594508	59594508	59594508	1	0	0	0	0
chr2	49400315	49400316	49400315:49400316	2	0	0	0	0
chr8	122517816	122517852	122517816:122517852	2	0	0	0	0
chr10	8954460	8954460	8954460	1	0	0	0	0
chr11	107828750	107828779	107828750:107828779	2	0	0	0	0
chr12	110039157	110039228	110039157:110039228	2	0	0	0	0
chr13	45500454	45500454	45500454	1	0	0	0	0
chr13	72646266	72646266	72646266	1	0	0	0	0
chr14	58812483	58812483	58812483	1	0	0	0	0
chr15	83741765	83741765	83741765	1	0	0	0	0
chr4	58996523	58996523	58996523	1	0	0	0	0
chr5	20754439	20754439	20754439	1	0	0	0	0
chr6	30192958	30192971	30192958:30192968:30192971	3	0	0	1	1
chr10	53745772	53745772	53745772	1	0	0	0	0
chr1	21325530	21325530	21325530	1	0	0	0	0
chr1	53917879	53917879	53917879	1	0	0	0	0
chr1	58527375	58527375	58527375	1	0	0	0	0
chr1	58726155	58726204	58726155:58726204	2	0	0	0	0
chr1	58965204	58965204	58965204	1	0	0	0	0
chr1	64983791	64983791	64983791	1	0	0	0	0
chr1	67194628	67194628	67194628	1	0	0	0	0
chr1	68365658	68365674	68365658:68365674	2	0	0	0	0
chr1	68937559	68937559	68937559	1	0	0	0	0
chr1	72173566	72173566	72173566	1	0	0	0	0
chr1	73786382	73786382	73786382	1	0	0	0	0
chr1	73904636	73904637	73904636:73904637	2	0	0	0	0
chr1	74824824	74824824	74824824	1	0	0	0	0
chr1	79703860	79703860	79703860	1	0	0	0	0
chr1	79712493	79712493	79712493	1	0	0	0	0
chr1	82688566	82688566	82688566	1	0	0	0	0
chr1	83393082	83393082	83393082	1	0	0	0	0
chr1	89563302	89563302	89563302	1	0	0	0	0
chr1	90174262	90174262	90174262	1	0	0	0	0
chr1	96500827	96500827	96500827	1	0	0	0	0
chr1	105376864	105376864	105376864	1	0	0	0	0
chr1	114143510	114143510	114143510	1	0	0	0	0
chr1	114894568	114894568	114894568	1	0	0	0	0
chr1	118477143	118477143	118477143	1	0	0	0	0
chr1	118999754	118999754	118999754	1	0	0	0	0
chr1	119370520	119370545	119370520:119370545	2	0	0	0	0
chr1	119893314	119893314	119893314	1	0	0	0	0
chr1	120924500	120924507	120924500:120924507	2	0	0	0	0
chr1	121707111	121707111	121707111	1	0	0	0	0
chr1	130118359	130118359	130118359	1	0	0	0	0
chr1	131056816	131056824	131056816:131056824	2	0	0	0	0
chr1	135413181	135413181	135413181	1	0	0	0	0
chr1	147202833	147202833	147202833	1	0	0	0	0
chr1	153564819	153564819	153564819	1	0	0	0	0
chr1	154920145	154920145	154920145	1	0	0	0	0
chr1	157448590	157448590	157448590	1	0	0	0	0
chr1	159659695	159659757	159659695:159659757	2	0	0	0	0
chr1	164896965	164896965	164896965	1	0	0	0	0
chr1	165680111	165680111	165680111	1	0	0	0	0
chr1	165692507	165692507	165692507	1	0	0	0	0
chr1	167363439	167363439	167363439	1	0	0	0	0
chr1	171370132	171370132	171370132	1	0	0	0	0
chr1	175669975	175669975	175669975	1	0	0	0	0
chr1	175910512	175910551	175910512:175910520:175910538:175910551	4	0	0	2	2
chr1	180586732	180586761	180586732:180586761	2	0	0	0	0
chr1	183557774	183557775	183557774:183557775	2	0	0	0	0
chr1	184617090	184617090	184617090	1	0	0	0	0
chr1	188080423	188080424	188080423:188080424	2	0	0	0	0
chr1	189046214	189046227	189046214:189046222:189046227	3	0	0	1	1
chr1	189046477	189046477	189046477	1	0	0	0	0
chr1	190463967	190463967	190463967	1	0	0	0	0
chr1	191465275	191465275	191465275	1	0	0	0	0
chr10	9100797	9100797	9100797	1	0	0	0	0
chr10	18540188	18540188	18540188	1	0	0	0	0
chr10	25273585	25273585	25273585	1	0	0	0	0
chr10	33993744	33993744	33993744	1	0	0	0	0
chr10	33994005	33994005	33994005	1	0	0	0	0
chr10	36998511	36998511	36998511	1	0	0	0	0
chr10	42321633	42321634	42321633:42321634	2	0	0	0	0
chr10	43116934	43116934	43116934	1	0	0	0	0
chr10	43866606	43866606	43866606	1	0	0	0	0
chr10	60364157	60364157	60364157	1	0	0	0	0
chr10	61834240	61834240	61834240	1	0	0	0	0
chr10	62999801	62999801	62999801	1	0	0	0	0
chr10	63671600	63671600	63671600	1	0	0	0	0
chr10	63944505	63944505	63944505	1	0	0	0	0
chr10	66639617	66639836	66639617:66639836	2	0	0	0	0
chr10	67078982	67079020	67078982:67079020	2	0	0	0	0
chr10	67514243	67514280	67514243:67514280	2	0	0	0	0
chr10	76262423	76262484	76262423:76262484	2	0	0	0	0
chr10	77819587	77819587	77819587	1	0	0	0	0
chr10	78052940	78052940	78052940	1	0	0	0	0
chr10	78346064	78346064	78346064	1	0	0	0	0
chr10	82783899	82783899	82783899	1	0	0	0	0
chr10	82783899	82783899	82783899	1	0	0	0	0
chr10	84771869	84771869	84771869	1	0	0	0	0
chr10	85108885	85108885	85108885	1	0	0	0	0
chr10	85593510	85593510	85593510	1	0	0	0	0
chr10	86069214	86069263	86069214:86069263	2	0	0	0	0
chr10	86465402	86465402	86465402	1	0	0	0	0
chr10	86957215	86957215	86957215	1	0	0	0	0
chr10	87842610	87842611	87842610:87842611	2	0	0	0	0
chr10	88226266	88226266	88226266	1	0	0	0	0
chr10	89810530	89810530	89810530	1	0	0	0	0
chr10	90438381	90438381	90438381	1	0	0	0	0
chr10	94379501	94379501	94379501	1	0	0	0	0
chr10	95648315	95648315	95648315	1	0	0	0	0
chr10	97075258	97075258	97075258	1	0	0	0	0
chr10	97315032	97315032	97315032	1	0	0	0	0
chr10	111215756	111215756	111215756	1	0	0	0	0
chr10	115172185	115172185	115172185	1	0	0	0	0
chr10	119982591	119982591	119982591	1	0	0	0	0
chr10	120407796	120407809	120407796:120407809	2	0	0	0	0
chr10	122890365	122890385	122890365:122890375:122890385	3	0	0	1	1
chr10	122899014	122899014	122899014	1	0	0	0	0
chr10	127722793	127722793	127722793	1	0	0	0	0
chr11	4369303	4369303	4369303	1	0	0	0	0
chr11	4999690	4999723	4999690:4999711:4999723	3	0	0	1	1
chr11	8693414	8693414	8693414	1	0	0	0	0
chr11	9530618	9530618	9530618	1	0	0	0	0
chr11	10276827	10276827	10276827	1	0	0	0	0
chr11	16822290	16822290	16822290	1	0	0	0	0
chr11	17385229	17385314	17385229:17385269:17385290:17385307:17385314	5	0	0	3	3
chr11	23141390	23141390	23141390	1	0	0	0	0
chr11	33722698	33722698	33722698	1	0	0	0	0
chr11	36059390	36059390	36059390	1	0	0	0	0
chr11	36769877	36769877	36769877	1	0	0	0	0
chr11	44812506	44812506	44812506	1	0	0	0	0
chr11	45907542	45907542	45907542	1	0	0	0	0
chr11	46389288	46389288	46389288	1	0	0	0	0
chr11	48772649	48772649	48772649	1	0	0	0	0
chr11	53961444	53961478	53961444:53961478	2	0	0	0	0
chr11	58176690	58176690	58176690	1	0	0	0	0
chr11	60725176	60725176	60725176	1	0	0	0	0
chr11	62006465	62006465	62006465	1	0	0	0	0
chr11	62340505	62340505	62340505	1	0	0	0	0
chr11	65765291	65765291	65765291	1	0	0	0	0
chr11	71940401	71940445	71940401:71940438:71940445	3	0	0	1	1
chr11	73822597	73822597	73822597	1	0	0	0	0
chr11	75603164	75603258	75603164:75603180:75603218:75603258	4	0	0	2	2
chr11	77509579	77509579	77509579	1	0	0	0	0
chr11	79658347	79658347	79658347	1	0	0	0	0
chr11	81476507	81476507	81476507	1	0	0	0	0
chr11	84272431	84272431	84272431	1	0	0	0	0
chr11	87794626	87794642	87794626:87794642	2	0	0	0	0
chr11	87797197	87797197	87797197	1	0	0	0	0
chr11	87882166	87882166	87882166	1	0	0	0	0
chr11	91112418	91112418	91112418	1	0	0	0	0
chr11	95252355	95252355	95252355	1	0	0	0	0
chr11	95563571	95563571	95563571	1	0	0	0	0
chr11	95626454	95626454	95626454	1	0	0	0	0
chr11	97638139	97638139	97638139	1	0	0	0	0
chr11	100805478	100805478	100805478	1	0	0	0	0
chr11	103104646	103104646	103104646	1	0	0	0	0
chr11	106331497	106331507	106331497:106331507	2	0	0	0	0
chr11	107828730	107828730	107828730	1	0	0	0	0
chr11	113595224	113595240	113595224:113595240	2	0	0	0	0
chr11	116183047	116183047	116183047	1	0	0	0	0
chr11	117522270	117522270	117522270	1	0	0	0	0
chr11	118095196	118095196	118095196	1	0	0	0	0
chr11	120121110	120121110	120121110	1	0	0	0	0
chr11	121428468	121428488	121428468:121428488	2	0	0	0	0
chr12	3881564	3881564	3881564	1	0	0	0	0
chr12	5170248	5170248	5170248	1	0	0	0	0
chr12	5217319	5217319	5217319	1	0	0	0	0
chr12	8381317	8381340	8381317:8381340	2	0	0	0	0
chr12	13294175	13294175	13294175	1	0	0	0	0
chr12	21283090	21283090	21283090	1	0	0	0	0
chr12	25345558	25345558	25345558	1	0	0	0	0
chr12	26021110	26021130	26021110:26021130	2	0	0	0	0
chr12	31533711	31533711	31533711	1	0	0	0	0
chr12	31533763	31533768	31533763:31533768	2	0	0	0	0
chr12	36683860	36683860	36683860	1	0	0	0	0
chr12	38786648	38786648	38786648	1	0	0	0	0
chr12	38906830	38906830	38906830	1	0	0	0	0
chr12	40024240	40024240	40024240	1	0	0	0	0
chr12	50409974	50409974	50409974	1	0	0	0	0
chr12	50410329	50410329	50410329	1	0	0	0	0
chr12	52855497	52855497	52855497	1	0	0	0	0
chr12	53988781	53988781	53988781	1	0	0	0	0
chr12	56065979	56065979	56065979	1	0	0	0	0
chr12	56291481	56291481	56291481	1	0	0	0	0
chr12	56413945	56413945	56413945	1	0	0	0	0
chr12	58211251	58211253	58211251:58211253	2	0	0	0	0
chr12	70151586	70151586	70151586	1	0	0	0	0
chr12	70151629	70151629	70151629	1	0	0	0	0
chr12	73269783	73269783	73269783	1	0	0	0	0
chr12	76126577	76126611	76126577:76126611	2	0	0	0	0
chr12	77080420	77080420	77080420	1	0	0	0	0
chr12	77138613	77138613	77138613	1	0	0	0	0
chr12	81277819	81277822	81277819:81277822	2	0	0	0	0
chr12	85462579	85462579	85462579	1	0	0	0	0
chr12	98866777	98866777	98866777	1	0	0	0	0
chr12	99750306	99750307	99750306:99750307	2	0	0	0	0
chr12	103266289	103266289	103266289	1	0	0	0	0
chr12	104530802	104530802	104530802	1	0	0	0	0
chr12	107911820	107911820	107911820	1	0	0	0	0
chr12	109104871	109104871	109104871	1	0	0	0	0
chr12	109266708	109266708	109266708	1	0	0	0	0
chr12	109426335	109426335	109426335	1	0	0	0	0
chr12	109426506	109426506	109426506	1	0	0	0	0
chr12	110576604	110576621	110576604:110576620:110576621	3	0	0	1	1
chr12	110712592	110712592	110712592	1	0	0	0	0
chr12	112528809	112528827	112528809:112528827	2	0	0	0	0
chr12	116407605	116407605	116407605	1	0	0	0	0
chr12	116566112	116566112	116566112	1	0	0	0	0
chr13	6630697	6630697	6630697	1	0	0	0	0
chr13	15616088	15616141	15616088:15616141	2	0	0	0	0
chr13	18848376	18848410	18848376:18848410	2	0	0	0	0
chr13	28775815	28775815	28775815	1	0	0	0	0
chr13	29159107	29159107	29159107	1	0	0	0	0
chr13	29183318	29183318	29183318	1	0	0	0	0
chr13	34031086	34031086	34031086	1	0	0	0	0
chr13	34396711	34396711	34396711	1	0	0	0	0
chr13	37509813	37509813	37509813	1	0	0	0	0
chr13	38028801	38028801	38028801	1	0	0	0	0
chr13	38780085	38780140	38780085:38780094:38780140	3	0	0	1	1
chr13	43450961	43450961	43450961	1	0	0	0	0
chr13	43715567	43715567	43715567	1	0	0	0	0
chr13	43826069	43826069	43826069	1	0	0	0	0
chr13	45500397	45500397	45500397	1	0	0	0	0
chr13	45500397	45500397	45500397	1	0	0	0	0
chr13	46173988	46173988	46173988	1	0	0	0	0
chr13	48244740	48244740	48244740	1	0	0	0	0
chr13	48902969	48902969	48902969	1	0	0	0	0
chr13	51409644	51409785	51409644:51409713:51409763:51409785	4	0	0	2	2
chr13	51657321	51657321	51657321	1	0	0	0	0
chr13	51677788	51677788	51677788	1	0	0	0	0
chr13	52850712	52850712	52850712	1	0	0	0	0
chr13	54086292	54086292	54086292	1	0	0	0	0
chr13	54909851	54909851	54909851	1	0	0	0	0
chr13	54947326	54947440	54947326:54947336:54947440	3	0	0	1	1
chr13	57613239	57613239	57613239	1	0	0	0	0
chr13	58154088	58154133	58154088:58154106:58154133	3	0	0	1	1
chr13	60416348	60416348	60416348	1	0	0	0	0
chr13	61578262	61578262	61578262	1	0	0	0	0
chr13	63659166	63659166	63659166	1	0	0	0	0
chr13	66992796	66992796	66992796	1	0	0	0	0
chr13	71656154	71656154	71656154	1	0	0	0	0
chr13	73477923	73477923	73477923	1	0	0	0	0
chr13	73906602	73906602	73906602	1	0	0	0	0
chr13	74734690	74734765	74734690:74734763:74734765	3	0	0	1	1
chr13	78399520	78399520	78399520	1	0	0	0	0
chr13	80813980	80813993	80813980:80813993	2	0	0	0	0
chr13	81946978	81947091	81946978:81947091	2	0	0	0	0
chr13	84079497	84079497	84079497	1	0	0	0	0
chr13	92124053	92124053	92124053	1	0	0	0	0
chr13	92638052	92638052	92638052	1	0	0	0	0
chr13	94156597	94156597	94156597	1	0	0	0	0
chr13	97935252	97935252	97935252	1	0	0	0	0
chr13	99150560	99150560	99150560	1	0	0	0	0
chr13	101098595	101098595	101098595	1	0	0	0	0
chr13	101290537	101290547	101290537:101290547	2	0	0	0	0
chr13	109584709	109584709	109584709	1	0	0	0	0
chr13	112679175	112679175	112679175	1	0	0	0	0
chr13	117260234	117260234	117260234	1	0	0	0	0
chr13	118192640	118192640	118192640	1	0	0	0	0
chr13	118656756	118656756	118656756	1	0	0	0	0
chr13	119759071	119759071	119759071	1	0	0	0	0
chr14	8304788	8304788	8304788	1	0	0	0	0
chr14	11777506	11777506	11777506	1	0	0	0	0
chr14	12023726	12023726	12023726	1	0	0	0	0
chr14	12280449	12280449	12280449	1	0	0	0	0
chr14	14478325	14478325	14478325	1	0	0	0	0
chr14	14779032	14779032	14779032	1	0	0	0	0
chr14	18660520	18660520	18660520	1	0	0	0	0
chr14	20886801	20886801	20886801	1	0	0	0	0
chr14	27151904	27151907	27151904:27151907	2	0	0	0	0
chr14	27542366	27542366	27542366	1	0	0	0	0
chr14	31410478	31410478	31410478	1	0	0	0	0
chr14	32588286	32588286	32588286	1	0	0	0	0
chr14	36869610	36869610	36869610	1	0	0	0	0
chr14	46725774	46725774	46725774	1	0	0	0	0
chr14	51994596	51994596	51994596	1	0	0	0	0
chr14	57530165	57530165	57530165	1	0	0	0	0
chr14	59200249	59200249	59200249	1	0	0	0	0
chr14	60683510	60683525	60683510:60683525	2	0	0	0	0
chr14	62158024	62158024	62158024	1	0	0	0	0
chr14	62392724	62392724	62392724	1	0	0	0	0
chr14	64670138	64670138	64670138	1	0	0	0	0
chr14	66258471	66258471	66258471	1	0	0	0	0
chr14	66643590	66643590	66643590	1	0	0	0	0
chr14	75358847	75358847	75358847	1	0	0	0	0
chr14	77387026	77387031	77387026:77387031	2	0	0	0	0
chr14	77798363	77798363	77798363	1	0	0	0	0
chr14	80176157	80176157	80176157	1	0	0	0	0
chr14	85115508	85115508	85115508	1	0	0	0	0
chr14	87459126	87459126	87459126	1	0	0	0	0
chr14	99260996	99260996	99260996	1	0	0	0	0
chr14	100215381	100215384	100215381:100215384	2	0	0	0	0
chr14	101696783	101696783	101696783	1	0	0	0	0
chr14	103113869	103113869	103113869	1	0	0	0	0
chr14	103252579	103252579	103252579	1	0	0	0	0
chr14	104816761	104816761	104816761	1	0	0	0	0
chr14	106681922	106681922	106681922	1	0	0	0	0
chr14	118587629	118587641	118587629:118587636:118587641	3	0	0	1	1
chr14	120043934	120043934	120043934	1	0	0	0	0
chr14	120265932	120265932	120265932	1	0	0	0	0
chr14	120680284	120680298	120680284:120680298	2	0	0	0	0
chr14	120915113	120915113	120915113	1	0	0	0	0
chr15	4974974	4974995	4974974:4974983:4974995	3	0	0	1	1
chr15	5459689	5459689	5459689	1	0	0	0	0
chr15	6717831	6717831	6717831	1	0	0	0	0
chr15	7748632	7748632	7748632	1	0	0	0	0
chr15	9151819	9151826	9151819:9151826	2	0	0	0	0
chr15	9152059	9152059	9152059	1	0	0	0	0
chr15	9152352	9152352	9152352	1	0	0	0	0
chr15	10672087	10672087	10672087	1	0	0	0	0
chr15	12844446	12844446	12844446	1	0	0	0	0
chr15	18241107	18241107	18241107	1	0	0	0	0
chr15	18963072	18963072	18963072	1	0	0	0	0
chr15	19402186	19402186	19402186	1	0	0	0	0
chr15	25776047	25776047	25776047	1	0	0	0	0
chr15	32225210	32225210	32225210	1	0	0	0	0
chr15	37712962	37712972	37712962:37712972	2	0	0	0	0
chr15	39655701	39655701	39655701	1	0	0	0	0
chr15	52510959	52510959	52510959	1	0	0	0	0
chr15	52510959	52510959	52510959	1	0	0	0	0
chr15	55380844	55380849	55380844:55380849	2	0	0	0	0
chr15	58625909	58625909	58625909	1	0	0	0	0
chr15	62336594	62336594	62336594	1	0	0	0	0
chr15	72883039	72883039	72883039	1	0	0	0	0
chr15	77110603	77110603	77110603	1	0	0	0	0
chr15	79292003	79292411	79292003:79292026:79292037:79292043:79292154:79292411	6	0	0	4	4
chr15	81362811	81363005	81362811:81363005	2	0	0	0	0
chr15	82402186	82402194	82402186:82402194	2	0	0	0	0
chr15	85896205	85896205	85896205	1	0	0	0	0
chr15	86343670	86343670	86343670	1	0	0	0	0
chr15	90946811	90946811	90946811	1	0	0	0	0
chr15	91632129	91632129	91632129	1	0	0	0	0
chr15	92571547	92571547	92571547	1	0	0	0	0
chr15	97276338	97276338	97276338	1	0	0	0	0
chr15	97711461	97711461	97711461	1	0	0	0	0
chr15	97829024	97829024	97829024	1	0	0	0	0
chr15	98025389	98025394	98025389:98025394	2	0	0	0	0
chr15	100680955	100680974	100680955:100680974	2	0	0	0	0
chr16	4506197	4506197	4506197	1	0	0	0	0
chr16	4567113	4567113	4567113	1	0	0	0	0
chr16	5102438	5102438	5102438	1	0	0	0	0
chr16	5626961	5626961	5626961	1	0	0	0	0
chr16	7325536	7325536	7325536	1	0	0	0	0
chr16	8973104	8973104	8973104	1	0	0	0	0
chr16	14015613	14015613	14015613	1	0	0	0	0
chr16	17923456	17923456	17923456	1	0	0	0	0
chr16	18642623	18642623	18642623	1	0	0	0	0
chr16	18642672	18642697	18642672:18642697	2	0	0	0	0
chr16	18643363	18643363	18643363	1	0	0	0	0
chr16	18789005	18789005	18789005	1	0	0	0	0
chr16	21285173	21285173	21285173	1	0	0	0	0
chr16	21878773	21878773	21878773	1	0	0	0	0
chr16	21921198	21921331	21921198:21921199:21921212:21921246:21921331	5	0	0	3	3
chr16	22420943	22420943	22420943	1	0	0	0	0
chr16	23146573	23146573	23146573	1	0	0	0	0
chr16	24497823	24497823	24497823	1	0	0	0	0
chr16	24963390	24963390	24963390	1	0	0	0	0
chr16	29456326	29456326	29456326	1	0	0	0	0
chr16	34320480	34320480	34320480	1	0	0	0	0
chr16	34948560	34948560	34948560	1	0	0	0	0
chr16	43154188	43154188	43154188	1	0	0	0	0
chr16	45656097	45656097	45656097	1	0	0	0	0
chr16	56921771	56921771	56921771	1	0	0	0	0
chr16	58452154	58452154	58452154	1	0	0	0	0
chr16	80730655	80730655	80730655	1	0	0	0	0
chr16	84183688	84183688	84183688	1	0	0	0	0
chr16	85049555	85049555	85049555	1	0	0	0	0
chr16	85438133	85438133	85438133	1	0	0	0	0
chr16	90415824	90415824	90415824	1	0	0	0	0
chr16	90845006	90845006	90845006	1	0	0	0	0
chr16	90928122	90928122	90928122	1	0	0	0	0
chr16	91359189	91359189	91359189	1	0	0	0	0
chr16	92304258	92304258	92304258	1	0	0	0	0
chr16	92609275	92609291	92609275:92609282:92609291	3	0	0	1	1
chr16	93918161	93918161	93918161	1	0	0	0	0
chr16	94849427	94849444	94849427:94849444	2	0	0	0	0
chr16	94981941	94981941	94981941	1	0	0	0	0
chr16	95279079	95279079	95279079	1	0	0	0	0
chr16	96581565	96581565	96581565	1	0	0	0	0
chr16	97537859	97537984	97537859:97537874:97537969:97537984	4	0	0	2	2
chr17	4381007	4381007	4381007	1	0	0	0	0
chr17	5261281	5261281	5261281	1	0	0	0	0
chr17	7172707	7172707	7172707	1	0	0	0	0
chr17	9661178	9661180	9661178:9661180	2	0	0	0	0
chr17	12039514	12039526	12039514:12039526	2	0	0	0	0
chr17	12138838	12138838	12138838	1	0	0	0	0
chr17	13825578	13825578	13825578	1	0	0	0	0
chr17	26648175	26648175	26648175	1	0	0	0	0
chr17	27376468	27376468	27376468	1	0	0	0	0
chr17	27508002	27508002	27508002	1	0	0	0	0
chr17	46819867	46819867	46819867	1	0	0	0	0
chr17	46819867	46819867	46819867	1	0	0	0	0
chr17	51761104	51761104	51761104	1	0	0	0	0
chr17	51890427	51890427	51890427	1	0	0	0	0
chr17	52877576	52877576	52877576	1	0	0	0	0
chr17	53683867	53683867	53683867	1	0	0	0	0
chr17	57709476	57709476	57709476	1	0	0	0	0
chr17	62845772	62845772	62845772	1	0	0	0	0
chr17	62919251	62919251	62919251	1	0	0	0	0
chr17	63324939	63324939	63324939	1	0	0	0	0
chr17	66575643	66575643	66575643	1	0	0	0	0
chr17	68057199	68057199	68057199	1	0	0	0	0
chr17	69055776	69055776	69055776	1	0	0	0	0
chr17	80168131	80168131	80168131	1	0	0	0	0
chr17	82819989	82819989	82819989	1	0	0	0	0
chr17	87522689	87522689	87522689	1	0	0	0	0
chr17	88842535	88842586	88842535:88842586	2	0	0	0	0
chr17	90954030	90954030	90954030	1	0	0	0	0
chr18	4690081	4690081	4690081	1	0	0	0	0
chr18	5400911	5400911	5400911	1	0	0	0	0
chr18	5400911	5400911	5400911	1	0	0	0	0
chr18	8554280	8554280	8554280	1	0	0	0	0
chr18	10009716	10009716	10009716	1	0	0	0	0
chr18	10902627	10902627	10902627	1	0	0	0	0
chr18	12878595	12878595	12878595	1	0	0	0	0
chr18	14393867	14393867	14393867	1	0	0	0	0
chr18	15331016	15331029	15331016:15331029	2	0	0	0	0
chr18	19937910	19937910	19937910	1	0	0	0	0
chr18	20749905	20749905	20749905	1	0	0	0	0
chr18	21908887	21908887	21908887	1	0	0	0	0
chr18	22682208	22682208	22682208	1	0	0	0	0
chr18	24065202	24065202	24065202	1	0	0	0	0
chr18	29283432	29283747	29283432:29283747	2	1	0	0	3
chr18	30902548	30902548	30902548	1	0	0	0	0
chr18	32100406	32100406	32100406	1	0	0	0	0
chr18	32313446	32313446	32313446	1	0	0	0	0
chr18	34292107	34292107	34292107	1	0	0	0	0
chr18	34559433	34559433	34559433	1	0	0	0	0
chr18	34810659	34810682	34810659:34810682	2	1	0	0	1
chr18	37974956	37974956	37974956	1	0	0	0	0
chr18	43443928	43443928	43443928	1	0	0	0	0
chr18	48885892	48885892	48885892	1	0	0	0	0
chr18	51090673	51090673	51090673	1	0	0	0	0
chr18	51353973	51353973	51353973	1	0	0	0	0
chr18	53285376	53285397	53285376:53285397	2	0	0	0	0
chr18	53286334	53286334	53286334	1	0	0	0	0
chr18	56580023	56580023	56580023	1	0	0	0	0
chr18	57915479	57915479	57915479	1	0	0	0	0
chr18	58479700	58479730	58479700:58479721:58479730	3	0	0	1	1
chr18	60598022	60598067	60598022:60598067	2	0	0	0	0
chr18	60751794	60751794	60751794	1	0	0	0	0
chr18	63945195	63945204	63945195:63945204	2	0	0	0	0
chr18	64260818	64260818	64260818	1	0	0	0	0
chr18	67850187	67850187	67850187	1	0	0	0	0
chr18	71683890	71683890	71683890	1	0	0	0	0
chr18	71689830	71689830	71689830	1	0	0	0	0
chr18	73453834	73453834	73453834	1	0	0	0	0
chr18	78712394	78712397	78712394:78712397	2	0	0	0	0
chr18	79415705	79415705	79415705	1	0	0	0	0
chr18	81342995	81343004	81342995:81343004	2	0	0	0	0
chr18	82459935	82459996	82459935:82459996	2	0	0	0	0
chr18	83634058	83634058	83634058	1	0	0	0	0
chr18	83634300	83634300	83634300	1	0	0	0	0
chr18	84209746	84209746	84209746	1	0	0	0	0
chr18	88866462	88868007	88866462:88867142:88867177:88867199:88867494:88867531:88867535:88867967:88868007	9	0	0	7	7
chr18	88869815	88869815	88869815	1	0	0	0	0
chr19	3423967	3424396	3423967:3423969:3423988:3424057:3424396	5	0	0	3	3
chr19	4090913	4090913	4090913	1	0	0	0	0
chr19	4112700	4112700	4112700	1	0	0	0	0
chr19	6323971	6323971	6323971	1	0	0	0	0
chr19	6677147	6677147	6677147	1	0	0	0	0
chr19	10773820	10773820	10773820	1	0	0	0	0
chr19	16146974	16146974	16146974	1	0	0	0	0
chr19	16147059	16147059	16147059	1	0	0	0	0
chr19	16685262	16685262	16685262	1	0	0	0	0
chr19	17022108	17022108	17022108	1	0	0	0	0
chr19	18935497	18935497	18935497	1	0	0	0	0
chr19	18935526	18935526	18935526	1	0	0	0	0
chr19	25430022	25430022	25430022	1	0	0	0	0
chr19	25885524	25885535	25885524:25885529:25885535	3	0	0	1	1
chr19	31050696	31050696	31050696	1	0	0	0	0
chr19	31428500	31428530	31428500:31428530	2	0	0	0	0
chr19	35049730	35049730	35049730	1	0	0	0	0
chr19	35970294	35970294	35970294	1	0	0	0	0
chr19	35970406	35970406	35970406	1	0	0	0	0
chr19	37818065	37818065	37818065	1	0	0	0	0
chr19	38297083	38297083	38297083	1	0	0	0	0
chr19	40241622	40241622	40241622	1	0	0	0	0
chr19	40718203	40718286	40718203:40718211:40718286	3	0	0	1	1
chr19	43617971	43617971	43617971	1	0	0	0	0
chr19	45392240	45392240	45392240	1	0	0	0	0
chr19	47945520	47945530	47945520:47945530	2	0	0	0	0
chr19	53008460	53008499	53008460:53008481:53008499	3	0	0	1	1
chr19	57046502	57046502	57046502	1	0	0	0	0
chr19	57046595	57046595	57046595	1	0	0	0	0
chr19	57383245	57383245	57383245	1	0	0	0	0
chr19	57489798	57489834	57489798:57489810:57489834	3	0	0	1	1
chr19	58364889	58364889	58364889	1	0	0	0	0
chr2	3419493	3419493	3419493	1	0	0	0	0
chr2	4622395	4622395	4622395	1	0	0	0	0
chr2	5491676	5491676	5491676	1	0	0	0	0
chr2	7004318	7004318	7004318	1	0	0	0	0
chr2	11402614	11402614	11402614	1	0	0	0	0
chr2	18108469	18108489	18108469:18108489	2	0	0	0	0
chr2	24642740	24642740	24642740	1	0	0	0	0
chr2	25950353	25950353	25950353	1	0	0	0	0
chr2	28694725	28694725	28694725	1	0	0	0	0
chr2	28809365	28809367	28809365:28809367	2	0	0	0	0
chr2	30346177	30346177	30346177	1	0	0	0	0
chr2	31235033	31235088	31235033:31235088	2	0	0	0	0
chr2	32230786	32230786	32230786	1	0	0	0	0
chr2	38410095	38410095	38410095	1	0	0	0	0
chr2	45085746	45085746	45085746	1	0	0	0	0
chr2	51235180	51235180	51235180	1	0	0	0	0
chr2	52614299	52614299	52614299	1	0	0	0	0
chr2	62352371	62352371	62352371	1	0	0	0	0
chr2	66580744	66580744	66580744	1	0	0	0	0
chr2	68348959	68348959	68348959	1	0	0	0	0
chr2	68463445	68463445	68463445	1	0	0	0	0
chr2	70022662	70022662	70022662	1	0	0	0	0
chr2	73365304	73365304	73365304	1	0	0	0	0
chr2	75071214	75071235	75071214:75071235	2	0	0	0	0
chr2	75767372	75767411	75767372:75767411	2	0	0	0	0
chr2	79657071	79657071	79657071	1	0	0	0	0
chr2	92072739	92072739	92072739	1	0	0	0	0
chr2	94041325	94041339	94041325:94041339	2	0	0	0	0
chr2	99736709	99736709	99736709	1	0	0	0	0
chr2	102432080	102432080	102432080	1	0	0	0	0
chr2	106861476	106861476	106861476	1	0	0	0	0
chr2	107031883	107031927	107031883:107031912:107031927	3	0	0	1	1
chr2	115554308	115554347	115554308:115554347	2	0	0	0	0
chr2	120742042	120742042	120742042	1	0	0	0	0
chr2	127349529	127349529	127349529	1	0	0	0	0
chr2	127349529	127349529	127349529	1	0	0	0	0
chr2	127349631	127349631	127349631	1	0	0	0	0
chr2	128096524	128096524	128096524	1	0	0	0	0
chr2	130805939	130805939	130805939	1	0	0	0	0
chr2	131475438	131475499	131475438:131475499	2	0	0	0	0
chr2	131689111	131689128	131689111:131689128	2	0	0	0	0
chr2	132769613	132769613	132769613	1	0	0	0	0
chr2	132974631	132974631	132974631	1	0	0	0	0
chr2	133452194	133452194	133452194	1	0	0	0	0
chr2	135938058	135938058	135938058	1	0	0	0	0
chr2	136885665	136885665	136885665	1	0	0	0	0
chr2	142615983	142615983	142615983	1	0	0	0	0
chr2	145615798	145615798	145615798	1	0	0	0	0
chr2	148605020	148605020	148605020	1	0	0	0	0
chr2	151757360	151757360	151757360	1	0	0	0	0
chr2	153927355	153927463	153927355:153927383:153927453:153927463	4	0	0	2	2
chr2	158571315	158571316	158571315:158571316	2	0	0	0	0
chr2	158580923	158580923	158580923	1	0	0	0	0
chr2	158721669	158721669	158721669	1	0	0	0	0
chr2	160072719	160072719	160072719	1	0	0	0	0
chr2	160516563	160516563	160516563	1	0	0	0	0
chr2	170193977	170193977	170193977	1	0	0	0	0
chr2	171017780	171017780	171017780	1	0	0	0	0
chr2	172267310	172267310	172267310	1	0	0	0	0
chr2	173237424	173237424	173237424	1	0	0	0	0
chr2	173309008	173309008	173309008	1	0	0	0	0
chr2	174026269	174026284	174026269:174026284	2	0	0	0	0
chr2	178174409	178174409	178174409	1	0	0	0	0
chr2	178466851	178466851	178466851	1	0	0	0	0
chr2	178655970	178656002	178655970:178656002	2	0	0	0	0
chr2	179246867	179246867	179246867	1	0	0	0	0
chr2	179526681	179526681	179526681	1	0	0	0	0
chr2	179526681	179526681	179526681	1	0	0	0	0
chr2	179526699	179526759	179526699:179526759	2	0	0	0	0
chr3	8964891	8964891	8964891	1	0	0	0	0
chr3	9895360	9895368	9895360:9895368	2	0	0	0	0
chr3	10901625	10901763	10901625:10901760:10901763	3	1	0	1	3
chr3	11007486	11007486	11007486	1	0	0	0	0
chr3	27416731	27416731	27416731	1	0	0	0	0
chr3	27463430	27463430	27463430	1	0	0	0	0
chr3	27520522	27520527	27520522:27520527	2	0	0	0	0
chr3	30127590	30127590	30127590	1	0	0	0	0
chr3	34587407	34587407	34587407	1	0	0	0	0
chr3	38301798	38301825	38301798:38301799:38301825	3	0	0	1	1
chr3	53353861	53353866	53353861:53353866	2	0	0	0	0
chr3	54502469	54502469	54502469	1	0	0	0	0
chr3	56784922	56784922	56784922	1	0	0	0	0
chr3	68590420	68590550	68590420:68590469:68590533:68590550	4	0	0	2	2
chr3	75710085	75710085	75710085	1	0	0	0	0
chr3	78928799	78928843	78928799:78928820:78928843	3	0	0	1	1
chr3	78928923	78928923	78928923	1	0	0	0	0
chr3	83078808	83078808	83078808	1	0	0	0	0
chr3	83788252	83788252	83788252	1	0	0	0	0
chr3	85171184	85171184	85171184	1	0	0	0	0
chr3	88249425	88249503	88249425:88249477:88249503	3	0	0	1	1
chr3	97525879	97525879	97525879	1	0	0	0	0
chr3	97985343	97985343	97985343	1	0	0	0	0
chr3	102119595	102119595	102119595	1	0	0	0	0
chr3	103855049	103855049	103855049	1	0	0	0	0
chr3	104784343	104784343	104784343	1	0	0	0	0
chr3	108987112	108987112	108987112	1	0	0	0	0
chr3	109502097	109502097	109502097	1	0	0	0	0
chr3	121026558	121026577	121026558:121026570:121026577	3	0	0	1	1
chr3	128152078	128152078	128152078	1	0	0	0	0
chr3	129952869	129952869	129952869	1	0	0	0	0
chr3	130566093	130566093	130566093	1	0	0	0	0
chr3	130586467	130586467	130586467	1	0	0	0	0
chr3	130680392	130680392	130680392	1	0	0	0	0
chr3	138178709	138178712	138178709:138178712	2	0	0	0	0
chr3	143685276	143685276	143685276	1	0	0	0	0
chr3	146420265	146420265	146420265	1	0	0	0	0
chr3	147164654	147164654	147164654	1	0	0	0	0
chr3	149706285	149706355	149706285:149706355	2	0	0	0	0
chr3	150452464	150452464	150452464	1	0	0	0	0
chr3	153831781	153831785	153831781:153831785	2	0	0	0	0
chr3	154193505	154193505	154193505	1	0	0	0	0
chr3	154612085	154612085	154612085	1	0	0	0	0
chr3	157827699	157827728	157827699:157827719:157827724:157827728	4	0	0	2	2
chr4	8781981	8781985	8781981:8781985	2	0	0	0	0
chr4	8811233	8811233	8811233	1	0	0	0	0
chr4	8811250	8811250	8811250	1	0	0	0	0
chr4	8909789	8909789	8909789	1	0	0	0	0
chr4	9569656	9569656	9569656	1	0	0	0	0
chr4	14703940	14703940	14703940	1	0	0	0	0
chr4	14703955	14704004	14703955:14704004	2	0	0	0	0
chr4	24793383	24793385	24793383:24793385	2	0	0	0	0
chr4	25435916	25435916	25435916	1	0	0	0	0
chr4	32196818	32196818	32196818	1	0	0	0	0
chr4	32573856	32573856	32573856	1	0	0	0	0
chr4	32726523	32726523	32726523	1	0	0	0	0
chr4	33068001	33068001	33068001	1	0	0	0	0
chr4	33133901	33133901	33133901	1	0	0	0	0
chr4	40266270	40266270	40266270	1	0	0	0	0
chr4	47957435	47957435	47957435	1	0	0	0	0
chr4	53480326	53480326	53480326	1	0	0	0	0
chr4	53846338	53846338	53846338	1	0	0	0	0
chr4	53972193	53972306	53972193:53972306	2	0	0	0	0
chr4	56885988	56885988	56885988	1	0	0	0	0
chr4	59903402	59903402	59903402	1	0	0	0	0
chr4	70395600	70395600	70395600	1	0	0	0	0
chr4	84061934	84061934	84061934	1	0	0	0	0
chr4	88208883	88208883	88208883	1	0	0	0	0
chr4	93617139	93617139	93617139	1	0	0	0	0
chr4	94835551	94835551	94835551	1	0	0	0	0
chr4	95073921	95073921	95073921	1	0	0	0	0
chr4	97506389	97506389	97506389	1	0	0	0	0
chr4	98048354	98048354	98048354	1	0	0	0	0
chr4	103696626	103696626	103696626	1	0	0	0	0
chr4	103753839	103753846	103753839:103753846	2	0	0	0	0
chr4	104313871	104313871	104313871	1	0	0	0	0
chr4	109380184	109380184	109380184	1	0	0	0	0
chr4	114618829	114618829	114618829	1	0	0	0	0
chr4	115091088	115091088	115091088	1	0	0	0	0
chr4	119816732	119816732	119816732	1	0	0	0	0
chr4	122951976	122952053	122951976:122952053	2	0	0	0	0
chr4	123976557	123976557	123976557	1	0	0	0	0
chr4	128685877	128685877	128685877	1	0	0	0	0
chr4	129033454	129033454	129033454	1	0	0	0	0
chr4	130877352	130877376	130877352:130877376	2	0	0	0	0
chr4	133703877	133703877	133703877	1	0	0	0	0
chr4	136086789	136086789	136086789	1	0	0	0	0
chr4	138265465	138265479	138265465:138265479	2	0	0	0	0
chr4	138309104	138309105	138309104:138309105	2	0	0	0	0
chr4	140656096	140656112	140656096:140656112	2	0	0	0	0
chr4	140710229	140710229	140710229	1	0	0	0	0
chr4	140710625	140710787	140710625:140710643:140710678:140710787	4	0	0	2	2
chr4	142241924	142241924	142241924	1	0	0	0	0
chr4	142813099	142813099	142813099	1	0	0	0	0
chr4	153807268	153807268	153807268	1	0	0	0	0
chr4	153981450	153981450	153981450	1	0	0	0	0
chr4	154261920	154261945	154261920:154261937:154261945	3	0	0	1	1
chr4	155171050	155171050	155171050	1	0	0	0	0
chr4	155193653	155193653	155193653	1	0	0	0	0
chr4	155314803	155314804	155314803:155314804	2	0	0	0	0
chr4	155809006	155809009	155809006:155809009	2	0	0	0	0
chr5	3528918	3528918	3528918	1	0	0	0	0
chr5	13700515	13701332	13700515:13700569:13700798:13701332	4	0	0	2	2
chr5	25127043	25127043	25127043	1	0	0	0	0
chr5	28279530	28279530	28279530	1	0	0	0	0
chr5	32189856	32189856	32189856	1	0	0	0	0
chr5	36461607	36461607	36461607	1	0	0	0	0
chr5	38367697	38367697	38367697	1	0	0	0	0
chr5	43983739	43983739	43983739	1	0	0	0	0
chr5	49886393	49886393	49886393	1	0	0	0	0
chr5	58824551	58824551	58824551	1	0	0	0	0
chr5	60525025	60525025	60525025	1	0	0	0	0
chr5	64435442	64435442	64435442	1	0	0	0	0
chr5	66684555	66684555	66684555	1	0	0	0	0
chr5	66763187	66763187	66763187	1	0	0	0	0
chr5	68811319	68811319	68811319	1	0	0	0	0
chr5	71159936	71159936	71159936	1	0	0	0	0
chr5	71914524	71914524	71914524	1	0	0	0	0
chr5	73955801	73955806	73955801:73955806	2	0	0	0	0
chr5	75116697	75116697	75116697	1	0	0	0	0
chr5	76479389	76479389	76479389	1	0	0	0	0
chr5	78072517	78072517	78072517	1	0	0	0	0
chr5	80935205	80935205	80935205	1	0	0	0	0
chr5	88615819	88615819	88615819	1	0	0	0	0
chr5	89039409	89039438	89039409:89039433:89039438	3	0	0	1	1
chr5	97191127	97191127	97191127	1	0	0	0	0
chr5	97835118	97835118	97835118	1	0	0	0	0
chr5	101868169	101868169	101868169	1	0	0	0	0
chr5	102000715	102000715	102000715	1	0	0	0	0
chr5	111282432	111282432	111282432	1	0	0	0	0
chr5	114742046	114742046	114742046	1	0	0	0	0
chr5	115613370	115613370	115613370	1	0	0	0	0
chr5	121844254	121844254	121844254	1	0	0	0	0
chr5	121884735	121884735	121884735	1	0	0	0	0
chr5	122236214	122236214	122236214	1	0	0	0	0
chr5	123101717	123101717	123101717	1	0	0	0	0
chr5	123297781	123297781	123297781	1	0	0	0	0
chr5	128807833	128807833	128807833	1	0	0	0	0
chr5	135366486	135366521	135366486:135366515:135366521	3	0	0	1	1
chr5	135586249	135586249	135586249	1	0	0	0	0
chr5	137357550	137357550	137357550	1	0	0	0	0
chr5	138748950	138748950	138748950	1	0	0	0	0
chr5	140147763	140147766	140147763:140147766	2	0	0	0	0
chr5	140557826	140557826	140557826	1	0	0	0	0
chr5	147646091	147646132	147646091:147646108:147646132	3	0	0	1	1
chr5	148213381	148213381	148213381	1	0	0	0	0
chr6	4685132	4685132	4685132	1	0	0	0	0
chr6	5042221	5042221	5042221	1	0	0	0	0
chr6	5824412	5824412	5824412	1	0	0	0	0
chr6	6887349	6887369	6887349:6887369	2	0	0	0	0
chr6	9047002	9047002	9047002	1	0	0	0	0
chr6	13220025	13220025	13220025	1	0	0	0	0
chr6	22000813	22000813	22000813	1	0	0	0	0
chr6	30041254	30041254	30041254	1	0	0	0	0
chr6	30410005	30410011	30410005:30410011	2	0	0	0	0
chr6	31098654	31098679	31098654:31098679	2	0	0	0	0
chr6	33399489	33399489	33399489	1	0	0	0	0
chr6	33571842	33571842	33571842	1	0	0	0	0
chr6	34759581	34759581	34759581	1	0	0	0	0
chr6	54201628	54201643	54201628:54201643	2	0	0	0	0
chr6	63680110	63680110	63680110	1	0	0	0	0
chr6	67452654	67452654	67452654	1	0	0	0	0
chr6	71749182	71749182	71749182	1	0	0	0	0
chr6	72425452	72425452	72425452	1	0	0	0	0
chr6	79177601	79177601	79177601	1	0	0	0	0
chr6	80679753	80679753	80679753	1	0	0	0	0
chr6	88219963	88220556	88219963:88220556	2	1	0	0	2
chr6	88472013	88472013	88472013	1	0	0	0	0
chr6	88852220	88852220	88852220	1	0	0	0	0
chr6	91912468	91912468	91912468	1	0	0	0	0
chr6	92518696	92518714	92518696:92518698:92518704:92518710:92518714	5	0	0	3	3
chr6	92927210	92927210	92927210	1	0	0	0	0
chr6	94027809	94027809	94027809	1	0	0	0	0
chr6	98038943	98038943	98038943	1	0	0	0	0
chr6	98737742	98737742	98737742	1	0	0	0	0
chr6	99009448	99009448	99009448	1	0	0	0	0
chr6	99841019	99841019	99841019	1	0	0	0	0
chr6	101312006	101312024	101312006:101312024	2	0	0	0	0
chr6	110126570	110126570	110126570	1	0	0	0	0
chr6	113245992	113245992	113245992	1	0	0	0	0
chr6	113371476	113371476	113371476	1	0	0	0	0
chr6	113452184	113452184	113452184	1	0	0	0	0
chr6	113763906	113763906	113763906	1	0	0	0	0
chr6	115636021	115636021	115636021	1	0	0	0	0
chr6	117970161	117970161	117970161	1	0	0	0	0
chr6	120284158	120284158	120284158	1	0	0	0	0
chr6	127719824	127719824	127719824	1	0	0	0	0
chr6	135093148	135093148	135093148	1	0	0	0	0
chr6	135870098	135870098	135870098	1	0	0	0	0
chr6	139860708	139860708	139860708	1	0	0	0	0
chr6	144277838	144277838	144277838	1	0	0	0	0
chr6	146383075	146383101	146383075:146383076:146383101	3	0	0	1	1
chr6	146529693	146529693	146529693	1	0	0	0	0
chr7	12886320	12886320	12886320	1	0	0	0	0
chr7	13576525	13576525	13576525	1	0	0	0	0
chr7	18834165	18834165	18834165	1	0	0	0	0
chr7	29258464	29258464	29258464	1	0	0	0	0
chr7	29502084	29502084	29502084	1	0	0	0	0
chr7	30430691	30430691	30430691	1	0	0	0	0
chr7	34387804	34387808	34387804:34387808	2	0	0	0	0
chr7	40746642	40746642	40746642	1	0	0	0	0
chr7	46228686	46228686	46228686	1	0	0	0	0
chr7	49594697	49594697	49594697	1	0	0	0	0
chr7	50782142	50782169	50782142:50782154:50782155:50782161:50782169	5	0	0	3	3
chr7	63062802	63062802	63062802	1	0	0	0	0
chr7	67169881	67169881	67169881	1	0	0	0	0
chr7	72152163	72152172	72152163:72152172	2	0	0	0	0
chr7	73468187	73468187	73468187	1	0	0	0	0
chr7	75842436	75842475	75842436:75842459:75842475	3	0	0	1	1
chr7	75842733	75842734	75842733:75842734	2	0	0	0	0
chr7	80499226	80499315	80499226:80499315	2	0	0	0	0
chr7	80893831	80893831	80893831	1	0	0	0	0
chr7	81065433	81065458	81065433:81065458	2	0	0	0	0
chr7	81065458	81065458	81065458	1	0	0	0	0
chr7	91685487	91685487	91685487	1	0	0	0	0
chr7	96891835	96891835	96891835	1	0	0	0	0
chr7	96891851	96891851	96891851	1	0	0	0	0
chr7	96892166	96892166	96892166	1	0	0	0	0
chr7	97827762	97827762	97827762	1	0	0	0	0
chr7	98455781	98455856	98455781:98455837:98455856	3	0	0	1	1
chr7	107663998	107664821	107663998:107664002:107664006:107664327:107664445:107664446:107664448:107664760:107664821	9	0	0	7	7
chr7	110369184	110369679	110369184:110369679	2	1	0	0	1
chr7	110727261	110727261	110727261	1	0	0	0	0
chr7	112017127	112017127	112017127	1	0	0	0	0
chr7	112959025	112959025	112959025	1	0	0	0	0
chr7	112991533	112991533	112991533	1	0	0	0	0
chr7	112991565	112991565	112991565	1	0	0	0	0
chr7	113171225	113171231	113171225:113171231	2	0	0	0	0
chr7	115130662	115130684	115130662:115130684	2	0	0	0	0
chr7	120079794	120079794	120079794	1	0	0	0	0
chr7	125853887	125853887	125853887	1	0	0	0	0
chr7	128780163	128780163	128780163	1	0	0	0	0
chr7	129029255	129029255	129029255	1	0	0	0	0
chr7	131639968	131639968	131639968	1	0	0	0	0
chr7	135634051	135634051	135634051	1	0	0	0	0
chr7	137247266	137247266	137247266	1	0	0	0	0
chr7	137866988	137866989	137866988:137866989	2	0	0	0	0
chr7	140402373	140402373	140402373	1	0	0	0	0
chr7	141990964	141990964	141990964	1	0	0	0	0
chr7	142881374	142881467	142881374:142881467	2	1	0	0	1
chr7	144271926	144271944	144271926:144271944	2	0	0	0	0
chr8	9312077	9312080	9312077:9312080	2	0	0	0	0
chr8	10018542	10018542	10018542	1	0	0	0	0
chr8	11240902	11240902	11240902	1	0	0	0	0
chr8	11240917	11240937	11240917:11240937	2	0	0	0	0
chr8	11894864	11894864	11894864	1	0	0	0	0
chr8	12667840	12667872	12667840:12667872	2	0	0	0	0
chr8	14711861	14711862	14711861:14711862	2	0	0	0	0
chr8	15284429	15284429	15284429	1	0	0	0	0
chr8	18819552	18819552	18819552	1	0	0	0	0
chr8	23093923	23093923	23093923	1	0	0	0	0
chr8	26908379	26908390	26908379:26908390	2	0	0	0	0
chr8	27134471	27134480	27134471:27134480	2	0	0	0	0
chr8	27914902	27914902	27914902	1	0	0	0	0
chr8	33689990	33689990	33689990	1	0	0	0	0
chr8	34842545	34842602	34842545:34842602	2	0	0	0	0
chr8	42785554	42785554	42785554	1	0	0	0	0
chr8	43277274	43277274	43277274	1	0	0	0	0
chr8	46094161	46094195	46094161:46094195	2	0	0	0	0
chr8	46146311	46146311	46146311	1	0	0	0	0
chr8	46245735	46245735	46245735	1	0	0	0	0
chr8	46478346	46478397	46478346:46478397	2	1	0	0	1
chr8	48143692	48143692	48143692	1	0	0	0	0
chr8	61119220	61119220	61119220	1	0	0	0	0
chr8	64862044	64862044	64862044	1	0	0	0	0
chr8	72992985	72992985	72992985	1	0	0	0	0
chr8	73191761	73191761	73191761	1	0	0	0	0
chr8	77375373	77375373	77375373	1	0	0	0	0
chr8	77375604	77375648	77375604:77375620:77375648	3	0	0	1	1
chr8	78273986	78273986	78273986	1	0	0	0	0
chr8	80693863	80693863	80693863	1	0	0	0	0
chr8	80788091	80788092	80788091:80788092	2	0	0	0	0
chr8	83848489	83848489	83848489	1	0	0	0	0
chr8	87786176	87786176	87786176	1	0	0	0	0
chr8	93833421	93833421	93833421	1	0	0	0	0
chr8	102754976	102754976	102754976	1	0	0	0	0
chr8	103987091	103987093	103987091:103987093	2	0	0	0	0
chr8	104235422	104235422	104235422	1	0	0	0	0
chr8	108075868	108075868	108075868	1	0	0	0	0
chr8	108451382	108451382	108451382	1	0	0	0	0
chr8	109362078	109362078	109362078	1	0	0	0	0
chr8	110744062	110744062	110744062	1	0	0	0	0
chr8	116991577	116991577	116991577	1	0	0	0	0
chr8	117544220	117544252	117544220:117544252	2	0	0	0	0
chr8	117624467	117624467	117624467	1	0	0	0	0
chr8	118715469	118715469	118715469	1	0	0	0	0
chr8	120169162	120169162	120169162	1	0	0	0	0
chr8	120582421	120582421	120582421	1	0	0	0	0
chr8	124572919	124572919	124572919	1	0	0	0	0
chr8	124701753	124701945	124701753:124701792:124701875:124701889:124701912:124701945	6	0	0	4	4
chr8	124933104	124933104	124933104	1	0	0	0	0
chr8	127610854	127610854	127610854	1	0	0	0	0
chr8	128258489	128258489	128258489	1	0	0	0	0
chr9	7636488	7636488	7636488	1	0	0	0	0
chr9	15299701	15299701	15299701	1	0	0	0	0
chr9	15576350	15576350	15576350	1	0	0	0	0
chr9	20801179	20801198	20801179:20801198	2	0	0	0	0
chr9	20862078	20862078	20862078	1	0	0	0	0
chr9	29041878	29041916	29041878:29041890:29041916	3	0	0	1	1
chr9	37214058	37214058	37214058	1	0	0	0	0
chr9	40337652	40337678	40337652:40337678	2	0	0	0	0
chr9	41607716	41607716	41607716	1	0	0	0	0
chr9	47928646	47928646	47928646	1	0	0	0	0
chr9	50360863	50360863	50360863	1	0	0	0	0
chr9	53613139	53613139	53613139	1	0	0	0	0
chr9	53613370	53613370	53613370	1	0	0	0	0
chr9	55583960	55583960	55583960	1	0	0	0	0
chr9	56072539	56072539	56072539	1	0	0	0	0
chr9	56072646	56072646	56072646	1	0	0	0	0
chr9	56850264	56850264	56850264	1	0	0	0	0
chr9	58164796	58164796	58164796	1	0	0	0	0
chr9	62011073	62011073	62011073	1	0	0	0	0
chr9	70061738	70061738	70061738	1	0	0	0	0
chr9	73459387	73459387	73459387	1	0	0	0	0
chr9	73560320	73560320	73560320	1	0	0	0	0
chr9	75640705	75640705	75640705	1	0	0	0	0
chr9	76553027	76553027	76553027	1	0	0	0	0
chr9	78579384	78579396	78579384:78579396	2	0	0	0	0
chr9	79020185	79020185	79020185	1	0	0	0	0
chr9	82831741	82831741	82831741	1	0	0	0	0
chr9	83526117	83526117	83526117	1	0	0	0	0
chr9	85357345	85357345	85357345	1	0	0	0	0
chr9	87573950	87573950	87573950	1	0	0	0	0
chr9	88351781	88351788	88351781:88351788	2	0	0	0	0
chr9	95142491	95142491	95142491	1	0	0	0	0
chr9	96031237	96031237	96031237	1	0	0	0	0
chr9	96782063	96782063	96782063	1	0	0	0	0
chr9	98742697	98742697	98742697	1	0	0	0	0
chr9	103368728	103368728	103368728	1	0	0	0	0
chr9	103600310	103600310	103600310	1	0	0	0	0
chr9	103736086	103736086	103736086	1	0	0	0	0
chr9	105001109	105001109	105001109	1	0	0	0	0
chr9	108300985	108301033	108300985:108301033	2	0	0	0	0
chr9	109109835	109109887	109109835:109109887	2	0	0	0	0
chr9	112608291	112608298	112608291:112608292:112608298	3	0	0	1	1
chr9	114027262	114027262	114027262	1	0	0	0	0
chr9	114086342	114086342	114086342	1	0	0	0	0
chr9	114404427	114404427	114404427	1	0	0	0	0
chr9	114910018	114910018	114910018	1	0	0	0	0
chr9	115173195	115173196	115173195:115173196	2	0	0	0	0
chr9	118544001	118544001	118544001	1	0	0	0	0
chr9	120120218	120120236	120120218:120120236	2	0	0	0	0
chr9	121073927	121073927	121073927	1	0	0	0	0
chr9	121247018	121247018	121247018	1	0	0	0	0
chr9	121401645	121401645	121401645	1	0	0	0	0
chr9	122747090	122747090	122747090	1	0	0	0	0
chr9	123791602	123791602	123791602	1	0	0	0	0
